    0.000000       1.4884120E-06   4.4963435E-06   1.1660379E-05 
   2.8704331E-05   6.7948655E-05   1.5491474E-04   3.4013906E-04 
   7.1903196E-04   1.4629688E-03   2.8640931E-03   5.3936099E-03 
   9.7677596E-03   1.7007047E-02   2.8464174E-02   4.5788325E-02 
   7.0794359E-02   0.1052209       0.1503944       0.2068583     
   0.2740660       0.3502426       0.4324891       0.5171348     
   0.6004272       0.6786480       0.7487574       0.8087298     
   0.8576934       0.8958549       0.9242549       0.9444429     
   0.9581546       0.9670555       0.9725789       0.9758551     
   0.9777113       0.9787143       0.9792293       0.9794782     
   0.9795892       0.9796324       0.9796441       0.9796423     
   0.9796354       0.9796272       0.9796192       0.9796119     
   0.9796054       0.9795998       0.9795948       0.9795906     
   0.9795870       0.9795837       0.9795811       0.9795787     
   0.9795766       0.9795749       0.9795735       0.9795722     
   0.9795711       0.9795702       0.9795694       0.9795687     
   0.9795682       0.9795677       0.9795673       0.9795671     
   0.9795668       0.9795666       0.9795664       0.9795663     
   0.9795662       0.9795661       0.9795661       0.9795660     
   0.9795660       0.9795660       0.9795661       0.9795662     
   0.9795662       0.9795662       0.9795663       0.9795663    
    0.000000       1.4884120E-06   4.4963435E-06   1.1660379E-05 
   2.8704331E-05   6.7948655E-05   1.5491474E-04   3.4013906E-04 
   7.1903196E-04   1.4629688E-03   2.8640931E-03   5.3936099E-03 
   9.7677596E-03   1.7007047E-02   2.8464174E-02   4.5788325E-02 
   7.0794359E-02   0.1052209       0.1503944       0.2068583     
   0.2740660       0.3502426       0.4324891       0.5171348     
   0.6004272       0.6786480       0.7487574       0.8087298     
   0.8576934       0.8958549       0.9242549       0.9444429     
   0.9581546       0.9670555       0.9725789       0.9758551     
   0.9777113       0.9787143       0.9792293       0.9794782     
   0.9795892       0.9796324       0.9796441       0.9796423     
   0.9796354       0.9796272       0.9796192       0.9796119     
   0.9796054       0.9795998       0.9795948       0.9795906     
   0.9795870       0.9795837       0.9795811       0.9795787     
   0.9795766       0.9795749       0.9795735       0.9795722     
   0.9795711       0.9795702       0.9795694       0.9795687     
   0.9795682       0.9795677       0.9795673       0.9795671     
   0.9795668       0.9795666       0.9795664       0.9795663     
   0.9795662       0.9795661       0.9795661       0.9795660     
   0.9795660       0.9795660       0.9795661       0.9795662     
   0.9795662       0.9795662       0.9795663       0.9795663    
    0.000000       1.4673215E-06   4.4328922E-06   1.1496722E-05 
   2.8304072E-05   6.7008470E-05   1.5279106E-04   3.3552787E-04 
   7.0941326E-04   1.4437051E-03   2.8270741E-03   5.3253858E-03 
   9.6472362E-03   1.6803030E-02   2.8133286E-02   4.5274056E-02 
   7.0027918E-02   0.1041242       0.1488850       0.2048550     
   0.2714952       0.3470444       0.4286250       0.5125969     
   0.5952480       0.6728873       0.7424912       0.8020414     
   0.8506665       0.8885670       0.9167734       0.9368227     
   0.9504380       0.9592736       0.9647530       0.9679995     
   0.9698352       0.9708236       0.9713275       0.9715679     
   0.9716719       0.9717093       0.9717160       0.9717100     
   0.9716995       0.9716882       0.9716774       0.9716677     
   0.9716592       0.9716517       0.9716453       0.9716397     
   0.9716349       0.9716307       0.9716271       0.9716239     
   0.9716212       0.9716189       0.9716169       0.9716152     
   0.9716137       0.9716125       0.9716114       0.9716104     
   0.9716097       0.9716089       0.9716084       0.9716079     
   0.9716075       0.9716071       0.9716069       0.9716066     
   0.9716064       0.9716063       0.9716061       0.9716061     
   0.9716060       0.9716059       0.9716059       0.9716058     
   0.9716058       0.9716058       0.9716059       0.9716059    
    0.000000       1.4243132E-06   4.3034261E-06   1.1162510E-05 
   2.7485810E-05   6.5084096E-05   1.4843827E-04   3.2606185E-04 
   6.8963249E-04   1.4040094E-03   2.7506161E-03   5.1841135E-03 
   9.3969461E-03   1.6377987E-02   2.7441537E-02   4.4194985E-02 
   6.8413660E-02   0.1018059       0.1456828       0.2005916     
   0.2660090       0.3402032       0.4203419       0.5028511     
   0.5841064       0.6604761       0.7289723       0.7875946     
   0.8354737       0.8727983       0.9005775       0.9203213     
   0.9337250       0.9424173       0.9478012       0.9509836     
   0.9527758       0.9537333       0.9542145       0.9544372     
   0.9545271       0.9545526       0.9545494       0.9545348     
   0.9545170       0.9544992       0.9544830       0.9544685     
   0.9544559       0.9544448       0.9544352       0.9544269     
   0.9544197       0.9544135       0.9544080       0.9544033     
   0.9543993       0.9543958       0.9543927       0.9543901     
   0.9543878       0.9543858       0.9543841       0.9543827     
   0.9543814       0.9543803       0.9543793       0.9543785     
   0.9543778       0.9543772       0.9543766       0.9543762     
   0.9543758       0.9543754       0.9543751       0.9543748     
   0.9543747       0.9543745       0.9543743       0.9543741     
   0.9543740       0.9543740       0.9543738       0.9543738    
    0.000000       1.3581785E-06   4.1041690E-06   1.0647518E-05 
   2.6223142E-05   6.2109677E-05   1.4169766E-04   3.1137114E-04 
   6.5885729E-04   1.3420740E-03   2.6309330E-03   4.9621584E-03 
   9.0020848E-03   1.5704369E-02   2.6339786E-02   4.2467289E-02 
   6.5815061E-02   9.8053694E-02   0.1404740       0.1936253     
   0.2570098       0.3289445       0.4066720       0.4867266     
   0.5656303       0.6398509       0.7064627       0.7635000     
   0.8101013       0.8464384       0.8734851       0.8927062     
   0.9057493       0.9141993       0.9194229       0.9224995     
   0.9242207       0.9251292       0.9255747       0.9257703     
   0.9258385       0.9258463       0.9258281       0.9258007     
   0.9257719       0.9257447       0.9257202       0.9256986     
   0.9256797       0.9256632       0.9256490       0.9256366     
   0.9256259       0.9256165       0.9256084       0.9256014     
   0.9255953       0.9255900       0.9255854       0.9255813     
   0.9255779       0.9255748       0.9255722       0.9255699     
   0.9255679       0.9255661       0.9255646       0.9255633     
   0.9255621       0.9255611       0.9255602       0.9255594     
   0.9255587       0.9255580       0.9255575       0.9255570     
   0.9255565       0.9255561       0.9255558       0.9255555     
   0.9255552       0.9255549       0.9255547       0.9255545    
    0.000000       1.2682173E-06   3.8328444E-06   9.9453000E-06 
   2.4498659E-05   5.8039859E-05   1.3245495E-04   2.9117765E-04 
   6.1643432E-04   1.2564185E-03   2.4647969E-03   4.6527507E-03 
   8.4490282E-03   1.4755900E-02   2.4779575E-02   4.0005665E-02 
   6.2089153E-02   9.2640042E-02   0.1329144       0.1834620     
   0.2438237       0.3123904       0.3865147       0.4628887     
   0.5382489       0.6092112       0.6729503       0.7275616     
   0.7722024       0.8070239       0.8329481       0.8513705     
   0.8638654       0.8719500       0.8769348       0.8798563     
   0.8814758       0.8823153       0.8827122       0.8828715     
   0.8829113       0.8828959       0.8828584       0.8828146     
   0.8827717       0.8827322       0.8826972       0.8826664     
   0.8826396       0.8826162       0.8825960       0.8825783     
   0.8825631       0.8825497       0.8825381       0.8825281     
   0.8825194       0.8825117       0.8825051       0.8824993     
   0.8824943       0.8824899       0.8824860       0.8824826     
   0.8824797       0.8824771       0.8824748       0.8824728     
   0.8824710       0.8824695       0.8824680       0.8824668     
   0.8824657       0.8824646       0.8824638       0.8824629     
   0.8824622       0.8824615       0.8824609       0.8824604     
   0.8824598       0.8824594       0.8824589       0.8824585    
    0.000000       1.1552672E-06   3.4918271E-06   9.0614940E-06 
   2.2324770E-05   5.2900024E-05   1.2075748E-04   2.6555831E-04 
   5.6245975E-04   1.1470829E-03   2.2519338E-03   4.2546233E-03 
   7.7339462E-03   1.3522946E-02   2.2739373E-02   3.6766235E-02 
   5.7153337E-02   8.5420609E-02   0.1227694       0.1697468     
   0.2259492       0.2898760       0.3590317       0.4303162     
   0.5007446       0.5671408       0.6268330       0.6780165     
   0.7198855       0.7525662       0.7769089       0.7942107     
   0.8059410       0.8135206       0.8181794       0.8208932     
   0.8223794       0.8231314       0.8234683       0.8235841     
   0.8235906       0.8235486       0.8234890       0.8234264     
   0.8233674       0.8233142       0.8232672       0.8232260     
   0.8231902       0.8231590       0.8231319       0.8231083     
   0.8230878       0.8230699       0.8230544       0.8230408     
   0.8230291       0.8230188       0.8230098       0.8230020     
   0.8229951       0.8229891       0.8229839       0.8229792     
   0.8229751       0.8229715       0.8229684       0.8229656     
   0.8229631       0.8229608       0.8229588       0.8229570     
   0.8229554       0.8229539       0.8229526       0.8229514     
   0.8229503       0.8229493       0.8229483       0.8229475     
   0.8229467       0.8229461       0.8229454       0.8229447    
    0.000000       1.0225452E-06   3.0907343E-06   8.0207174E-06 
   1.9761153E-05   4.6828856E-05   1.0691430E-04   2.3517266E-04 
   4.9827911E-04   1.0166846E-03   1.9971889E-03   3.7762767E-03 
   6.8709110E-03   1.2027339E-02   2.0250596E-02   3.2790232E-02 
   5.1055562E-02   7.6441646E-02   0.1100691       0.1524751     
   0.2033317       0.2612924       0.3240702       0.3888167     
   0.4528496       0.5132851       0.5676766       0.6143676     
   0.6526086       0.6824949       0.7047807       0.7206321     
   0.7313793       0.7383152       0.7425644       0.7450217     
   0.7463478       0.7469982       0.7472679       0.7473368     
   0.7473086       0.7472392       0.7471573       0.7470760     
   0.7470010       0.7469340       0.7468750       0.7468234     
   0.7467785       0.7467394       0.7467054       0.7466758     
   0.7466500       0.7466275       0.7466080       0.7465909     
   0.7465760       0.7465629       0.7465515       0.7465415     
   0.7465327       0.7465250       0.7465183       0.7465123     
   0.7465070       0.7465023       0.7464982       0.7464945     
   0.7464913       0.7464883       0.7464857       0.7464833     
   0.7464811       0.7464792       0.7464774       0.7464757     
   0.7464742       0.7464728       0.7464715       0.7464704     
   0.7464693       0.7464684       0.7464675       0.7464665    
    0.000000       8.7594947E-07   2.6473767E-06   6.8691579E-06 
   1.6921504E-05   4.0095325E-05   9.1537586E-05   2.0136048E-04 
   4.2670971E-04   8.7091204E-04   1.7115807E-03   3.2381671E-03 
   5.8962856E-03   1.0330883E-02   1.7413525E-02   2.8232692E-02 
   4.4023622E-02   6.6020444E-02   9.5231473E-02   0.1321680     
   0.1765903       0.2273577       0.2824718       0.3393914     
   0.3956729       0.4488651       0.4968148       0.5380582     
   0.5719150       0.5984371       0.6182565       0.6323770     
   0.6419584       0.6481381       0.6519122       0.6540781     
   0.6552273       0.6557696       0.6559711       0.6559948     
   0.6559344       0.6558406       0.6557391       0.6556416     
   0.6555528       0.6554738       0.6554045       0.6553439     
   0.6552911       0.6552451       0.6552050       0.6551700     
   0.6551395       0.6551129       0.6550897       0.6550694     
   0.6550515       0.6550359       0.6550223       0.6550102     
   0.6549997       0.6549904       0.6549821       0.6549749     
   0.6549684       0.6549627       0.6549576       0.6549531     
   0.6549490       0.6549453       0.6549420       0.6549391     
   0.6549363       0.6549339       0.6549315       0.6549295     
   0.6549275       0.6549257       0.6549241       0.6549226     
   0.6549212       0.6549200       0.6549188       0.6549177    
    0.000000       7.2359069E-07   2.1863539E-06   5.6709632E-06 
   1.3964718E-05   3.3078017E-05   7.5496107E-05   1.6604149E-04 
   3.5183472E-04   7.1812153E-04   1.4115553E-03   2.6714115E-03 
   4.8666368E-03   8.5323257E-03   1.4393578E-02   2.3359267E-02 
   3.6466051E-02   5.4757573E-02   7.9098500E-02   0.1099472     
   0.1471397       0.1897579       0.2361601       0.2842256     
   0.3318040       0.3768566       0.4175791       0.4527374     
   0.4817167       0.5045075       0.5215992       0.5338119     
   0.5421152       0.5474726       0.5507368       0.5525963     
   0.5535651       0.5540019       0.5541407       0.5541255     
   0.5540392       0.5539269       0.5538111       0.5537020     
   0.5536034       0.5535159       0.5534391       0.5533720     
   0.5533135       0.5532624       0.5532177       0.5531787     
   0.5531446       0.5531148       0.5530886       0.5530657     
   0.5530455       0.5530279       0.5530123       0.5529985     
   0.5529864       0.5529757       0.5529662       0.5529578     
   0.5529503       0.5529436       0.5529376       0.5529323     
   0.5529274       0.5529231       0.5529191       0.5529156     
   0.5529123       0.5529093       0.5529066       0.5529040     
   0.5529016       0.5528994       0.5528975       0.5528956     
   0.5528939       0.5528925       0.5528911       0.5528898    
    0.000000       5.7459295E-07   1.7354002E-06   4.4986514E-06 
   1.1070968E-05   2.6207670E-05   5.9782305E-05   1.3141918E-04 
   2.7836760E-04   5.6802394E-04   1.1163788E-03   2.1128077E-03 
   3.8496132E-03   6.7513450E-03   1.1394443E-02   1.8503409E-02 
   2.8907763E-02   4.3447483E-02   6.2825918E-02   8.7428316E-02 
   0.1171472       0.1512737       0.1885158       0.2271849     
   0.2655269       0.3020366       0.3352695       0.3641425     
   0.3880748       0.4069936       0.4212488       0.4314772     
   0.4384535       0.4429618       0.4457050       0.4472570     
   0.4480503       0.4483895       0.4484746       0.4484294     
   0.4483257       0.4482025       0.4480790       0.4479640     
   0.4478604       0.4477688       0.4476883       0.4476179     
   0.4475563       0.4475023       0.4474551       0.4474137     
   0.4473774       0.4473455       0.4473175       0.4472928     
   0.4472710       0.4472519       0.4472349       0.4472198     
   0.4472065       0.4471947       0.4471842       0.4471748     
   0.4471664       0.4471589       0.4471522       0.4471461     
   0.4471406       0.4471357       0.4471312       0.4471270     
   0.4471233       0.4471198       0.4471166       0.4471136     
   0.4471109       0.4471083       0.4471059       0.4471038     
   0.4471018       0.4471002       0.4470986       0.4470971    
    0.000000       4.3750043E-07   1.3205129E-06   3.4202665E-06 
   8.4094945E-06   1.9889443E-05   4.5331202E-05   9.9574056E-05 
   2.1077093E-04   4.2984509E-04   8.4443163E-04   1.5976394E-03 
   2.9104708E-03   5.1041977E-03   8.6156223E-03   1.3994845E-02 
   2.1873621E-02   3.2894876E-02   4.7602300E-02   6.6303454E-02 
   8.8937305E-02   0.1149908       0.1435104       0.1732360     
   0.2028330       0.2311089       0.2569740       0.2795791     
   0.2984312       0.3134221       0.3247791       0.3329655     
   0.3385677       0.3421923       0.3443920       0.3456241     
   0.3462371       0.3464786       0.3465128       0.3464420     
   0.3463257       0.3461962       0.3460695       0.3459527     
   0.3458479       0.3457552       0.3456738       0.3456023     
   0.3455397       0.3454848       0.3454365       0.3453941     
   0.3453567       0.3453238       0.3452948       0.3452691     
   0.3452463       0.3452262       0.3452083       0.3451924     
   0.3451783       0.3451656       0.3451544       0.3451443     
   0.3451352       0.3451270       0.3451197       0.3451131     
   0.3451071       0.3451016       0.3450966       0.3450921     
   0.3450879       0.3450840       0.3450804       0.3450770     
   0.3450739       0.3450710       0.3450683       0.3450659     
   0.3450638       0.3450619       0.3450602       0.3450586    
    0.000000       3.1880310E-07   9.6143594E-07   2.4874623E-06 
   6.1086994E-06   1.4430567E-05   3.2851742E-05   7.2083982E-05 
   1.5243175E-04   3.1059689E-04   6.0971134E-04   1.1528479E-03 
   2.0991946E-03   3.6802655E-03   6.2111188E-03   1.0089177E-02 
   1.5772125E-02   2.3728086E-02   3.4357231E-02   4.7894217E-02 
   6.4313330E-02   8.3267696E-02   0.1040940       0.1258992     
   0.1477090       0.1686090       0.1877903       0.2046237     
   0.2187291       0.2300007       0.2385789       0.2447852     
   0.2490412       0.2517928       0.2534529       0.2543675     
   0.2548036       0.2549523       0.2549416       0.2548515     
   0.2547291       0.2545995       0.2544753       0.2543617     
   0.2542602       0.2541704       0.2540915       0.2540221     
   0.2539612       0.2539076       0.2538604       0.2538188     
   0.2537820       0.2537495       0.2537207       0.2536951     
   0.2536724       0.2536522       0.2536342       0.2536181     
   0.2536037       0.2535908       0.2535793       0.2535689     
   0.2535596       0.2535512       0.2535435       0.2535366     
   0.2535303       0.2535246       0.2535194       0.2535146     
   0.2535101       0.2535060       0.2535022       0.2534986     
   0.2534953       0.2534922       0.2534893       0.2534867     
   0.2534845       0.2534825       0.2534808       0.2534791    
    0.000000       2.2204340E-07   6.6892500E-07   1.7282925E-06 
   4.2380789E-06   9.9967865E-06   2.2725308E-05   4.9796108E-05 
   1.0516674E-04   2.1404041E-04   4.1973454E-04   7.9293206E-04 
   1.4427695E-03   2.5279904E-03   4.2647650E-03   6.9261733E-03 
   1.0827579E-02   1.6293274E-02   2.3603767E-02   3.2929920E-02 
   4.4268388E-02   5.7398938E-02   7.1883753E-02   8.7118730E-02 
   0.1024240       0.1171375       0.1306768       0.1425918     
   0.1526067       0.1606348       0.1667616       0.1712020     
   0.1742464       0.1762071       0.1773771       0.1780050     
   0.1782843       0.1783547       0.1783106       0.1782111     
   0.1780909       0.1779686       0.1778534       0.1777487     
   0.1776555       0.1775731       0.1775006       0.1774368     
   0.1773806       0.1773311       0.1772874       0.1772487     
   0.1772144       0.1771840       0.1771570       0.1771329     
   0.1771114       0.1770923       0.1770751       0.1770598     
   0.1770460       0.1770337       0.1770226       0.1770125     
   0.1770035       0.1769953       0.1769878       0.1769811     
   0.1769749       0.1769693       0.1769641       0.1769594     
   0.1769550       0.1769509       0.1769471       0.1769436     
   0.1769403       0.1769371       0.1769343       0.1769317     
   0.1769294       0.1769275       0.1769258       0.1769242    
    0.000000       1.4771223E-07   4.4443493E-07   1.1464106E-06 
   2.8062987E-06   6.6078969E-06   1.4995755E-05   3.2805103E-05 
   6.9175840E-05   1.4058968E-04   2.7534249E-04   5.1956682E-04 
   9.4445562E-04   1.6535524E-03   2.7879274E-03   4.5260331E-03 
   7.0745340E-03   1.0647139E-02   1.5430965E-02   2.1544293E-02 
   2.8994655E-02   3.7650004E-02   4.7235250E-02   5.7360429E-02 
   6.7574181E-02   7.7424802E-02   8.6511374E-02   9.4524108E-02 
   0.1012714       0.1066885       0.1108264       0.1138242     
   0.1158735       0.1171831       0.1179513       0.1183474     
   0.1185045       0.1185192       0.1184571       0.1183593     
   0.1182501       0.1181424       0.1180421       0.1179516     
   0.1178711       0.1178001       0.1177375       0.1176823     
   0.1176337       0.1175907       0.1175527       0.1175189     
   0.1174890       0.1174623       0.1174385       0.1174173     
   0.1173983       0.1173813       0.1173661       0.1173524     
   0.1173401       0.1173290       0.1173190       0.1173100     
   0.1173018       0.1172944       0.1172876       0.1172815     
   0.1172758       0.1172707       0.1172660       0.1172616     
   0.1172576       0.1172539       0.1172504       0.1172471     
   0.1172440       0.1172412       0.1172385       0.1172361     
   0.1172340       0.1172323       0.1172307       0.1172292    
    0.000000       9.3834956E-08   2.8191806E-07   7.2584112E-07 
   1.7732374E-06   4.1670023E-06   9.4378929E-06   2.0607607E-05 
   4.3377524E-05   8.8012093E-05   1.7210899E-04   3.2432744E-04 
   5.8886240E-04   1.0299727E-03   1.7352363E-03   2.8155779E-03 
   4.3998151E-03   6.6218940E-03   9.6004894E-03   1.3413201E-02 
   1.8070603E-02   2.3497609E-02   2.9529430E-02   3.5926171E-02 
   4.2403359E-02   4.8669964E-02   5.4464255E-02   5.9582509E-02 
   6.3897312E-02   6.7363143E-02   7.0009112E-02   7.1921639E-02 
   7.3221922E-02   7.4043430E-02   7.4513763E-02   7.4742749E-02 
   7.4817106E-02   7.4800201E-02   7.4735075E-02   7.4648894E-02 
   7.4557491E-02   7.4469239E-02   7.4387945E-02   7.4314900E-02 
   7.4250050E-02   7.4192792E-02   7.4142300E-02   7.4097753E-02 
   7.4058391E-02   7.4023545E-02   7.3992640E-02   7.3965169E-02 
   7.3940717E-02   7.3918901E-02   7.3899411E-02   7.3881969E-02 
   7.3866338E-02   7.3852308E-02   7.3839694E-02   7.3828340E-02 
   7.3818102E-02   7.3808856E-02   7.3800504E-02   7.3792934E-02 
   7.3786072E-02   7.3779836E-02   7.3774152E-02   7.3768973E-02 
   7.3764235E-02   7.3759891E-02   7.3755898E-02   7.3752210E-02 
   7.3748790E-02   7.3745616E-02   7.3742643E-02   7.3739856E-02 
   7.3737241E-02   7.3734798E-02   7.3732533E-02   7.3730484E-02 
   7.3728688E-02   7.3727168E-02   7.3725864E-02   7.3724560E-02
    0.000000       5.6933359E-08   1.7076984E-07   4.3875113E-07 
   1.0694813E-06   2.5075874E-06   5.6670069E-06   1.2347751E-05 
   2.5939024E-05   5.2531152E-05   1.0254871E-04   1.9294655E-04 
   3.4984580E-04   6.1120838E-04   1.0287811E-03   1.6681781E-03 
   2.6057942E-03   3.9214804E-03   5.6867604E-03   7.9498123E-03 
   1.0720138E-02   1.3957117E-02   1.7566577E-02   2.1407956E-02 
   2.5311103E-02   2.9098701E-02   3.2609012E-02   3.5714753E-02 
   3.8335148E-02   4.0439766E-02   4.2044260E-02   4.3199893E-02 
   4.3979827E-02   4.4465393E-02   4.4734836E-02   4.4855889E-02 
   4.4882286E-02   4.4853427E-02   4.4796139E-02   4.4727359E-02 
   4.4656917E-02   4.4589940E-02   4.4528682E-02   4.4473793E-02 
   4.4425108E-02   4.4382095E-02   4.4344135E-02   4.4310592E-02 
   4.4280905E-02   4.4254579E-02   4.4231180E-02   4.4210345E-02 
   4.4191759E-02   4.4175144E-02   4.4160273E-02   4.4146933E-02 
   4.4134956E-02   4.4124186E-02   4.4114482E-02   4.4105731E-02 
   4.4097826E-02   4.4090681E-02   4.4084206E-02   4.4078331E-02 
   4.4072997E-02   4.4068143E-02   4.4063717E-02   4.4059671E-02 
   4.4055969E-02   4.4052571E-02   4.4049442E-02   4.4046555E-02 
   4.4043873E-02   4.4041380E-02   4.4039045E-02   4.4036858E-02 
   4.4034798E-02   4.4032872E-02   4.4031084E-02   4.4029463E-02 
   4.4028044E-02   4.4026840E-02   4.4025809E-02   4.4024780E-02
    0.000000       3.3010348E-08   9.8833908E-08   2.5334415E-07 
   6.1603032E-07   1.4408500E-06   3.2484227E-06   7.0615483E-06 
   1.4801582E-05   2.9913937E-05   5.8285172E-05   1.0947480E-04 
   1.9819358E-04   3.4580645E-04   5.8143592E-04   9.4204140E-04 
   1.4707532E-03   2.2128646E-03   3.2093413E-03   4.4884845E-03 
   6.0573001E-03   7.8948233E-03   9.9496841E-03   1.2143434E-02 
   1.4379420E-02   1.6555326E-02   1.8576553E-02   2.0367708E-02 
   2.1880150E-02   2.3094583E-02   2.4018804E-02   2.4681697E-02 
   2.5125310E-02   2.5396816E-02   2.5541892E-02   2.5600279E-02 
   2.5603630E-02   2.5575237E-02   2.5530994E-02   2.5480928E-02 
   2.5430834E-02   2.5383700E-02   2.5340788E-02   2.5302401E-02 
   2.5268352E-02   2.5238248E-02   2.5211642E-02   2.5188100E-02 
   2.5167231E-02   2.5148690E-02   2.5132183E-02   2.5117459E-02 
   2.5104297E-02   2.5092512E-02   2.5081944E-02   2.5072450E-02 
   2.5063910E-02   2.5056215E-02   2.5049273E-02   2.5043003E-02 
   2.5037332E-02   2.5032192E-02   2.5027532E-02   2.5023300E-02 
   2.5019450E-02   2.5015943E-02   2.5012743E-02   2.5009815E-02 
   2.5007132E-02   2.5004668E-02   2.5002398E-02   2.5000298E-02 
   2.4998350E-02   2.4996536E-02   2.4994837E-02   2.4993243E-02 
   2.4991743E-02   2.4990337E-02   2.4989031E-02   2.4987845E-02 
   2.4986804E-02   2.4985919E-02   2.4985163E-02   2.4984408E-02
    0.000000       1.8304249E-08   5.4695402E-08   1.3985266E-07 
   3.3916686E-07   7.9118956E-07   1.7791353E-06   3.8578942E-06 
   8.0672153E-06   1.6267311E-05   3.1629937E-05   5.9297006E-05 
   1.0717056E-04   1.8671708E-04   3.1356254E-04   5.0755026E-04 
   7.9188071E-04   1.1910168E-03   1.7272705E-03   2.4163860E-03 
   3.2629080E-03   4.2564925E-03   5.3703669E-03   6.5628006E-03 
   7.7815959E-03   8.9707458E-03   1.0077821E-02   1.1060497E-02 
   1.1890996E-02   1.2557747E-02   1.3064293E-02   1.3426074E-02 
   1.3666049E-02   1.3810244E-02   1.3884027E-02   1.3909583E-02 
   1.3904656E-02   1.3882351E-02   1.3851628E-02   1.3818142E-02 
   1.3785154E-02   1.3754324E-02   1.3726330E-02   1.3701300E-02 
   1.3679083E-02   1.3659419E-02   1.3642014E-02   1.3626588E-02 
   1.3612890E-02   1.3600700E-02   1.3589829E-02   1.3580115E-02 
   1.3571418E-02   1.3563619E-02   1.3556612E-02   1.3550309E-02 
   1.3544628E-02   1.3539504E-02   1.3534875E-02   1.3530686E-02 
   1.3526893E-02   1.3523453E-02   1.3520329E-02   1.3517489E-02 
   1.3514902E-02   1.3512544E-02   1.3510389E-02   1.3508418E-02 
   1.3506609E-02   1.3504947E-02   1.3503414E-02   1.3501995E-02 
   1.3500679E-02   1.3499452E-02   1.3498303E-02   1.3497224E-02 
   1.3496208E-02   1.3495255E-02   1.3494369E-02   1.3493562E-02 
   1.3492852E-02   1.3492248E-02   1.3491732E-02   1.3491217E-02
    0.000000       9.7160999E-09   2.8971520E-08   7.3880692E-08 
   1.7866866E-07   4.1561472E-07   9.3201112E-07   2.0156042E-06 
   4.2041111E-06   8.4571730E-06   1.6407386E-05   3.0696385E-05 
   5.5377557E-05   9.6326323E-05   1.6154555E-04   2.6120126E-04 
   4.0719708E-04   6.1212695E-04   8.8755897E-04   1.2418004E-03 
   1.6775269E-03   2.1898493E-03   2.7654236E-03   3.3830695E-03 
   4.0159468E-03   4.6349224E-03   5.2124131E-03   5.7258825E-03 
   6.1602839E-03   6.5090577E-03   6.7736534E-03   6.9618914E-03 
   7.0856870E-03   7.1586948E-03   7.1943193E-03   7.2043492E-03 
   7.1982574E-03   7.1830652E-03   7.1635889E-03   7.1428725E-03 
   7.1226684E-03   7.1038627E-03   7.0868055E-03   7.0715486E-03 
   7.0579913E-03   7.0459726E-03   7.0353174E-03   7.0258570E-03 
   7.0174420E-03   7.0099407E-03   7.0032398E-03   6.9972426E-03 
   6.9918651E-03   6.9870348E-03   6.9826888E-03   6.9787735E-03 
   6.9752405E-03   6.9720489E-03   6.9691618E-03   6.9665471E-03 
   6.9641760E-03   6.9620237E-03   6.9600670E-03   6.9582858E-03 
   6.9566630E-03   6.9551812E-03   6.9538271E-03   6.9525866E-03 
   6.9514485E-03   6.9504012E-03   6.9494350E-03   6.9485409E-03 
   6.9477102E-03   6.9469358E-03   6.9462107E-03   6.9455290E-03 
   6.9448869E-03   6.9442838E-03   6.9437227E-03   6.9432110E-03 
   6.9427593E-03   6.9423751E-03   6.9420473E-03   6.9417190E-03
    0.000000       4.9425193E-09   1.4704536E-08   3.7392347E-08 
   9.0158302E-08   2.0910110E-07   4.6754454E-07   1.0082923E-06 
   2.0974369E-06   4.2086012E-06   8.1456083E-06   1.5206369E-05 
   2.7378976E-05   4.7541467E-05   7.9611142E-05   1.2856418E-04 
   2.0023352E-04   3.0080712E-04   4.3600236E-04   6.0998433E-04 
   8.2420802E-04   1.0764549E-03   1.3603574E-03   1.6656449E-03 
   1.9791562E-03   2.2864623E-03   2.5737637E-03   2.8296572E-03 
   3.0464048E-03   3.2204899E-03   3.3524274E-03   3.4459776E-03 
   3.5070211E-03   3.5423758E-03   3.5587861E-03   3.5622192E-03 
   3.5574944E-03   3.5481998E-03   3.5368053E-03   3.5248767E-03 
   3.5133162E-03   3.5025775E-03   3.4928375E-03   3.4841157E-03 
   3.4763538E-03   3.4694606E-03   3.4633377E-03   3.4578918E-03 
   3.4530389E-03   3.4487057E-03   3.4448283E-03   3.4413526E-03 
   3.4382313E-03   3.4354234E-03   3.4328937E-03   3.4306115E-03 
   3.4285497E-03   3.4266848E-03   3.4249956E-03   3.4234643E-03 
   3.4220740E-03   3.4208109E-03   3.4196614E-03   3.4186144E-03 
   3.4176596E-03   3.4167871E-03   3.4159892E-03   3.4152579E-03 
   3.4145862E-03   3.4139680E-03   3.4133976E-03   3.4128693E-03 
   3.4123785E-03   3.4119205E-03   3.4114914E-03   3.4110881E-03 
   3.4107082E-03   3.4103508E-03   3.4100180E-03   3.4097140E-03 
   3.4094453E-03   3.4092164E-03   3.4090206E-03   3.4088250E-03
    0.000000       2.4123399E-09   7.1600148E-09   1.8153303E-08 
   4.3633715E-08   1.0088361E-07   2.2488763E-07   4.8356156E-07 
   1.0030726E-06   2.0073567E-06   3.8755015E-06   7.2182220E-06 
   1.2969201E-05   2.2478051E-05   3.7579946E-05   6.0605453E-05 
   9.4288152E-05   1.4153412E-04   2.0504116E-04   2.8679785E-04 
   3.8754294E-04   5.0630828E-04   6.4018089E-04   7.8439579E-04 
   9.3278830E-04   1.0785406E-03   1.2150741E-03   1.3368953E-03 
   1.4402197E-03   1.5232611E-03   1.5861648E-03   1.6306501E-03 
   1.6594812E-03   1.6759018E-03   1.6831474E-03   1.6840983E-03 
   1.6810938E-03   1.6758845E-03   1.6696805E-03   1.6632522E-03 
   1.6570449E-03   1.6512823E-03   1.6460512E-03   1.6413598E-03 
   1.6371767E-03   1.6334543E-03   1.6301415E-03   1.6271895E-03 
   1.6245539E-03   1.6221965E-03   1.6200838E-03   1.6181869E-03 
   1.6164808E-03   1.6149440E-03   1.6135575E-03   1.6123049E-03 
   1.6111720E-03   1.6101461E-03   1.6092160E-03   1.6083717E-03 
   1.6076047E-03   1.6069070E-03   1.6062717E-03   1.6056924E-03 
   1.6051638E-03   1.6046806E-03   1.6042382E-03   1.6038326E-03 
   1.6034598E-03   1.6031166E-03   1.6027997E-03   1.6025061E-03 
   1.6022333E-03   1.6019787E-03   1.6017400E-03   1.6015156E-03 
   1.6013040E-03   1.6011050E-03   1.6009194E-03   1.6007498E-03 
   1.6005995E-03   1.6004712E-03   1.6003615E-03   1.6002518E-03
    0.000000       1.1311069E-09   3.3489260E-09   8.4645251E-09 
   2.0279492E-08   4.6735796E-08   1.0385351E-07   2.2262813E-07 
   4.6045764E-07   9.1891781E-07   1.7694948E-06   3.2877870E-06 
   5.8942587E-06   1.0195655E-05   1.7016024E-05   2.7401255E-05 
   4.2578424E-05   6.3854015E-05   9.2445494E-05   1.2925881E-04 
   1.7464691E-04   2.2820276E-04   2.8864713E-04   3.5386183E-04 
   4.2108356E-04   4.8723319E-04   5.4931582E-04   6.0480670E-04 
   6.5194163E-04   6.8985927E-04   7.1858073E-04   7.3885481E-04 
   7.5192115E-04   7.5925310E-04   7.6233241E-04   7.6248700E-04 
   7.6080189E-04   7.5809320E-04   7.5492833E-04   7.5167010E-04 
   7.4852927E-04   7.4561237E-04   7.4296066E-04   7.4057793E-04 
   7.3844893E-04   7.3655037E-04   7.3485728E-04   7.3334551E-04 
   7.3199341E-04   7.3078187E-04   7.2969432E-04   7.2871632E-04 
   7.2783534E-04   7.2704069E-04   7.2632288E-04   7.2567363E-04 
   7.2508567E-04   7.2455266E-04   7.2406896E-04   7.2362943E-04 
   7.2322978E-04   7.2286592E-04   7.2253431E-04   7.2223181E-04 
   7.2195544E-04   7.2170270E-04   7.2147121E-04   7.2125887E-04 
   7.2106364E-04   7.2088372E-04   7.2071759E-04   7.2056364E-04 
   7.2042044E-04   7.2028680E-04   7.2016154E-04   7.2004367E-04 
   7.1993255E-04   7.1982789E-04   7.1973028E-04   7.1964093E-04 
   7.1956171E-04   7.1949395E-04   7.1943586E-04   7.1937783E-04
    0.000000       5.1014892E-10   1.5065523E-09   3.7956602E-09 
   9.0631707E-09   2.0817051E-08   4.6107509E-08   9.8527835E-08 
   2.0316755E-07   4.0429032E-07   7.7641255E-07   1.4389836E-06 
   2.5738323E-06   4.4428530E-06   7.4012346E-06   1.1899407E-05 
   1.8465782E-05   2.7663538E-05   4.0019015E-05   5.5926903E-05 
   7.5546777E-05   9.8713514E-05   1.2488711E-04   1.5316387E-04 
   1.8235651E-04   2.1113321E-04   2.3818937E-04   2.6241553E-04 
   2.8302637E-04   2.9962638E-04   3.1220552E-04   3.2107515E-04 
   3.2676675E-04   3.2992021E-04   3.3118459E-04   3.3114568E-04 
   3.3028491E-04   3.2896659E-04   3.2744542E-04   3.2588531E-04 
   3.2438198E-04   3.2298424E-04   3.2171124E-04   3.2056484E-04 
   3.1953823E-04   3.1862076E-04   3.1780082E-04   3.1706726E-04 
   3.1640995E-04   3.1581993E-04   3.1528942E-04   3.1481159E-04 
   3.1438060E-04   3.1399130E-04   3.1363915E-04   3.1332028E-04 
   3.1303120E-04   3.1276883E-04   3.1253049E-04   3.1231376E-04 
   3.1211646E-04   3.1193672E-04   3.1177278E-04   3.1162312E-04 
   3.1148631E-04   3.1136113E-04   3.1124640E-04   3.1114108E-04 
   3.1104422E-04   3.1095496E-04   3.1087245E-04   3.1079599E-04 
   3.1072486E-04   3.1065845E-04   3.1059617E-04   3.1053755E-04 
   3.1048225E-04   3.1043019E-04   3.1038158E-04   3.1033705E-04 
   3.1029750E-04   3.1026360E-04   3.1023455E-04   3.1020548E-04
    0.000000       2.2160226E-10   6.5269501E-10   1.6389877E-09 
   3.8999834E-09   8.9270120E-09   1.9706034E-08   4.1973593E-08 
   8.6281851E-08   1.7118785E-07   3.2783939E-07   6.0603190E-07 
   1.0813840E-06   1.8625911E-06   3.0968326E-06   4.9705491E-06 
   7.7023733E-06   1.1525451E-05   1.6658156E-05   2.3265253E-05 
   3.1415333E-05   4.1043670E-05   5.1930827E-05   6.3706248E-05 
   7.5880052E-05   8.7899563E-05   9.9219913E-05   1.0937402E-04 
   1.1802727E-04   1.2500638E-04   1.3029930E-04   1.3402985E-04 
   1.3641630E-04   1.3772494E-04   1.3822821E-04   1.3817368E-04 
   1.3776612E-04   1.3716148E-04   1.3646939E-04   1.3576090E-04 
   1.3507782E-04   1.3444167E-04   1.3386103E-04   1.3333694E-04 
   1.3286652E-04   1.3244517E-04   1.3206781E-04   1.3172952E-04 
   1.3142584E-04   1.3115277E-04   1.3090685E-04   1.3068500E-04 
   1.3048461E-04   1.3030336E-04   1.3013922E-04   1.2999040E-04 
   1.2985534E-04   1.2973262E-04   1.2962104E-04   1.2951948E-04 
   1.2942696E-04   1.2934260E-04   1.2926561E-04   1.2919526E-04 
   1.2913093E-04   1.2907202E-04   1.2901801E-04   1.2896840E-04 
   1.2892275E-04   1.2888067E-04   1.2884177E-04   1.2880570E-04 
   1.2877212E-04   1.2874076E-04   1.2871137E-04   1.2868368E-04 
   1.2865756E-04   1.2863295E-04   1.2860997E-04   1.2858889E-04 
   1.2857014E-04   1.2855405E-04   1.2854022E-04   1.2852640E-04
    0.000000       9.2829695E-11   2.7267136E-10   6.8238321E-10 
   1.6179710E-09   3.6904657E-09   8.1185734E-09   1.7235045E-08 
   3.5315935E-08   6.9856391E-08   1.3339843E-07   2.4593646E-07 
   4.3775745E-07   7.5230156E-07   1.2482843E-06   1.9999879E-06 
   3.0944600E-06   4.6245427E-06   6.6773327E-06   9.3188637E-06 
   1.2577273E-05   1.6428006E-05   2.0785119E-05   2.5502331E-05 
   3.0385241E-05   3.5213394E-05   3.9768191E-05   4.3860877E-05 
   4.7354704E-05   5.0177048E-05   5.2319985E-05   5.3830707E-05 
   5.4795255E-05   5.5319997E-05   5.5514694E-05   5.5479806E-05 
   5.5298962E-05   5.5036231E-05   5.4736967E-05   5.4430755E-05 
   5.4135158E-05   5.3859316E-05   5.3606960E-05   5.3378637E-05 
   5.3173211E-05   5.2988798E-05   5.2823289E-05   5.2674623E-05 
   5.2540916E-05   5.2420484E-05   5.2311843E-05   5.2213698E-05 
   5.2124920E-05   5.2044514E-05   5.1971605E-05   5.1905430E-05 
   5.1845305E-05   5.1790626E-05   5.1740859E-05   5.1695519E-05 
   5.1654184E-05   5.1616462E-05   5.1582010E-05   5.1550516E-05 
   5.1521696E-05   5.1495288E-05   5.1471063E-05   5.1448806E-05 
   5.1428317E-05   5.1409417E-05   5.1391937E-05   5.1375726E-05 
   5.1360639E-05   5.1346542E-05   5.1333314E-05   5.1320862E-05 
   5.1309111E-05   5.1298033E-05   5.1287680E-05   5.1278181E-05 
   5.1269722E-05   5.1262450E-05   5.1256189E-05   5.1249928E-05
    0.000000       3.7547167E-11   1.0998107E-10   2.7428113E-10 
   6.4797639E-10   1.4726659E-09   3.2283267E-09   6.8302528E-09 
   1.3950238E-08   2.7508760E-08   5.2377388E-08   9.6299793E-08 
   1.7097506E-07   2.9314432E-07   4.8539187E-07   7.7624691E-07 
   1.1991106E-06   1.7896007E-06   2.5811660E-06   3.5992621E-06 
   4.8549387E-06   6.3391703E-06   8.0194677E-06   9.8401624E-06 
   1.1726930E-05   1.3595103E-05   1.5360292E-05   1.6949132E-05 
   1.8307914E-05   1.9407455E-05   2.0243533E-05   2.0833413E-05 
   2.1209709E-05   2.1413276E-05   2.1486643E-05   2.1469012E-05 
   2.1393222E-05   2.1284597E-05   2.1161182E-05   2.1034835E-05 
   2.0912654E-05   2.0798379E-05   2.0693584E-05   2.0598536E-05 
   2.0512820E-05   2.0435698E-05   2.0366339E-05   2.0303918E-05 
   2.0247675E-05   2.0196931E-05   2.0151081E-05   2.0109601E-05 
   2.0072028E-05   2.0037953E-05   2.0007019E-05   1.9978910E-05 
   1.9953342E-05   1.9930070E-05   1.9908866E-05   1.9889534E-05 
   1.9871895E-05   1.9855786E-05   1.9841063E-05   1.9827597E-05 
   1.9815265E-05   1.9803960E-05   1.9793584E-05   1.9784045E-05 
   1.9775262E-05   1.9767156E-05   1.9759658E-05   1.9752701E-05 
   1.9746225E-05   1.9740171E-05   1.9734491E-05   1.9729141E-05 
   1.9724092E-05   1.9719331E-05   1.9714880E-05   1.9710791E-05 
   1.9707148E-05   1.9704010E-05   1.9701303E-05   1.9698595E-05
    0.000000       1.4681622E-11   4.2882312E-11   1.0656515E-10 
   2.5082414E-10   5.6796362E-10   1.2406292E-09   2.6157894E-09 
   5.3248819E-09   1.0467174E-08   1.9870399E-08   3.6431167E-08 
   6.4513721E-08   1.1034813E-07   1.8232150E-07   2.9101125E-07 
   4.4878684E-07   6.6883251E-07   9.6353676E-07   1.3423548E-06 
   1.8094522E-06   2.3616108E-06   2.9869609E-06   3.6650495E-06 
   4.3684586E-06   5.0658296E-06   5.7257575E-06   6.3207681E-06 
   6.8305549E-06   7.2438452E-06   7.5586490E-06   7.7810382E-06 
   7.9229194E-06   7.9994088E-06   8.0263808E-06   8.0185700E-06 
   7.9884003E-06   7.9455140E-06   7.8968269E-06   7.8469175E-06 
   7.7985515E-06   7.7532068E-06   7.7115201E-06   7.6736196E-06 
   7.6393608E-06   7.6084698E-06   7.5806306E-06   7.5555295E-06 
   7.5328721E-06   7.5123958E-06   7.4938671E-06   7.4770792E-06 
   7.4618520E-06   7.4480254E-06   7.4354584E-06   7.4240261E-06 
   7.4136174E-06   7.4041332E-06   7.3954848E-06   7.3875931E-06 
   7.3803863E-06   7.3738006E-06   7.3677775E-06   7.3622641E-06 
   7.3572128E-06   7.3525798E-06   7.3483257E-06   7.3444126E-06 
   7.3408082E-06   7.3374808E-06   7.3344013E-06   7.3315432E-06 
   7.3288820E-06   7.3263941E-06   7.3240594E-06   7.3218594E-06 
   7.3197825E-06   7.3178239E-06   7.3159918E-06   7.3143083E-06 
   7.3128062E-06   7.3115102E-06   7.3103902E-06   7.3092697E-06
    0.000000       5.5563661E-12   1.6182177E-11   4.0068848E-11 
   9.3956218E-11   2.1196216E-10   4.6132315E-10   9.6927311E-10 
   1.9665058E-09   3.8532284E-09   7.2926638E-09   1.3332671E-08 
   2.3547599E-08   4.0179213E-08   6.6238862E-08   1.0551747E-07 
   1.6244235E-07   2.4172900E-07   3.4780925E-07   4.8407276E-07 
   6.5203022E-07   8.5056780E-07   1.0754892E-06   1.3195291E-06 
   1.5729145E-06   1.8244269E-06   2.0627826E-06   2.2780530E-06 
   2.4628318E-06   2.6129276E-06   2.7274782E-06   2.8085392E-06 
   2.8603044E-06   2.8881711E-06   2.8978557E-06   2.8947018E-06 
   2.8832444E-06   2.8670252E-06   2.8486018E-06   2.8296799E-06 
   2.8113000E-06   2.7940252E-06   2.7781041E-06   2.7635942E-06 
   2.7504489E-06   2.7385709E-06   2.7278452E-06   2.7181563E-06 
   2.7093959E-06   2.7014660E-06   2.6942796E-06   2.6877592E-06 
   2.6818373E-06   2.6764533E-06   2.6715543E-06   2.6670928E-06 
   2.6630264E-06   2.6593179E-06   2.6559335E-06   2.6528423E-06 
   2.6500174E-06   2.6474343E-06   2.6450700E-06   2.6429047E-06 
   2.6409195E-06   2.6390981E-06   2.6374246E-06   2.6358846E-06 
   2.6344655E-06   2.6331550E-06   2.6319419E-06   2.6308155E-06 
   2.6297666E-06   2.6287855E-06   2.6278647E-06   2.6269970E-06 
   2.6261775E-06   2.6254047E-06   2.6246814E-06   2.6240164E-06 
   2.6234225E-06   2.6229093E-06   2.6224645E-06   2.6220198E-06
    0.000000       2.0376225E-12   5.9168872E-12   1.4597329E-11 
   3.4098394E-11   7.6635011E-11   1.6618058E-10   3.4792319E-10 
   7.0348910E-10   1.3739797E-09   2.5924445E-09   4.7259374E-09 
   8.3243492E-09   1.4168649E-08   2.3305516E-08   3.7050061E-08 
   5.6935864E-08   8.4594831E-08   1.2156043E-07   1.6900735E-07 
   2.2746396E-07   2.9655536E-07   3.7484446E-07   4.5983282E-07 
   5.4814961E-07   6.3591284E-07   7.1920226E-07   7.9454958E-07 
   8.5934573E-07   9.1208682E-07   9.5242359E-07   9.8102691E-07 
   9.9932413E-07   1.0091773E-06   1.0125758E-06   1.0113924E-06 
   1.0072266E-06   1.0013352E-06   9.9463227E-07   9.8773182E-07 
   9.8101179E-07   9.7467966E-07   9.6882911E-07   9.6348481E-07 
   9.5863243E-07   9.5423877E-07   9.5026388E-07   9.4666677E-07 
   9.4340908E-07   9.4045561E-07   9.3777510E-07   9.3533981E-07 
   9.3312514E-07   9.3110930E-07   9.2927291E-07   9.2759882E-07 
   9.2607155E-07   9.2467735E-07   9.2340389E-07   9.2223991E-07 
   9.2117540E-07   9.2020122E-07   9.1930912E-07   9.1849154E-07 
   9.1774160E-07   9.1705311E-07   9.1642028E-07   9.1583775E-07 
   9.1530069E-07   9.1480450E-07   9.1434509E-07   9.1391843E-07 
   9.1352086E-07   9.1314911E-07   9.1280003E-07   9.1247102E-07 
   9.1216026E-07   9.1186712E-07   9.1159268E-07   9.1134018E-07 
   9.1111451E-07   9.1091908E-07   9.1074935E-07   9.1057967E-07
    0.000000       7.2485366E-13   2.0985908E-12   5.1582050E-12 
   1.2002770E-11   2.6873073E-11   5.8057760E-11   1.2111856E-10 
   2.4405947E-10   4.7511478E-10   8.9367985E-10   1.6244048E-09 
   2.8534819E-09   4.8446398E-09   7.9504989E-09   1.2613214E-08 
   1.9347558E-08   2.8700690E-08   4.1186553E-08   5.7199216E-08 
   7.6917203E-08   1.0021780E-07   1.2662358E-07   1.5530179E-07 
   1.8512590E-07   2.1479481E-07   2.4298964E-07   2.6853763E-07 
   2.9054942E-07   3.0850370E-07   3.2226660E-07   3.3204935E-07 
   3.3832200E-07   3.4170637E-07   3.4287245E-07   3.4245531E-07 
   3.4100086E-07   3.3894074E-07   3.3659094E-07   3.3416532E-07 
   3.3179677E-07   3.2955913E-07   3.2748662E-07   3.2558910E-07 
   3.2386254E-07   3.2229616E-07   3.2087650E-07   3.1958956E-07 
   3.1842220E-07   3.1736229E-07   3.1639900E-07   3.1552267E-07 
   3.1472473E-07   3.1399762E-07   3.1333454E-07   3.1272941E-07 
   3.1217684E-07   3.1167198E-07   3.1121044E-07   3.1078824E-07 
   3.1040187E-07   3.1004802E-07   3.0972379E-07   3.0942650E-07 
   3.0915365E-07   3.0890303E-07   3.0867253E-07   3.0846030E-07 
   3.0826453E-07   3.0808363E-07   3.0791605E-07   3.0776042E-07 
   3.0761535E-07   3.0747964E-07   3.0735220E-07   3.0723206E-07 
   3.0711857E-07   3.0701150E-07   3.0691123E-07   3.0681892E-07 
   3.0673633E-07   3.0666470E-07   3.0660232E-07   3.0653996E-07
    0.000000       2.5039733E-13   7.2277270E-13   1.7698919E-12 
   4.1023756E-12   9.1495284E-12   1.9693280E-11   4.0935842E-11 
   8.2203154E-11   1.5950000E-10   2.9908026E-10   5.4202964E-10 
   9.4953512E-10   1.6080276E-09   2.6327880E-09   4.1680628E-09 
   6.3814971E-09   9.4510542E-09   1.3543787E-08   1.8787849E-08 
   2.5241610E-08   3.2865959E-08   4.1506890E-08   5.0895032E-08 
   6.0665151E-08   7.0394286E-08   7.9652231E-08   8.8054584E-08 
   9.5307620E-08   1.0123644E-07   1.0579213E-07   1.0903894E-07 
   1.1112684E-07   1.1225708E-07   1.1264833E-07   1.1250928E-07 
   1.1202045E-07   1.1132550E-07   1.1053025E-07   1.0970689E-07 
   1.0890062E-07   1.0813693E-07   1.0742790E-07   1.0677729E-07 
   1.0618409E-07   1.0564492E-07   1.0515538E-07   1.0471090E-07 
   1.0430710E-07   1.0393995E-07   1.0360581E-07   1.0330147E-07 
   1.0302402E-07   1.0277092E-07   1.0253986E-07   1.0232879E-07 
   1.0213588E-07   1.0195947E-07   1.0179807E-07   1.0165031E-07 
   1.0151501E-07   1.0139101E-07   1.0127732E-07   1.0117301E-07 
   1.0107723E-07   1.0098920E-07   1.0090822E-07   1.0083362E-07 
   1.0076479E-07   1.0070116E-07   1.0064220E-07   1.0058741E-07 
   1.0053634E-07   1.0048856E-07   1.0044368E-07   1.0040136E-07 
   1.0036138E-07   1.0032365E-07   1.0028831E-07   1.0025576E-07 
   1.0022661E-07   1.0020128E-07   1.0017916E-07   1.0015705E-07
    0.000000       8.4081728E-14   2.4196771E-13   5.9028623E-13 
   1.3628349E-12   3.0277597E-12   6.4924147E-12   1.3446758E-11 
   2.6908748E-11   5.2038745E-11   9.7272378E-11   1.7576789E-10 
   3.0706190E-10   5.1867466E-10   8.4722068E-10   1.3384142E-09 
   2.0452871E-09   3.0240561E-09   4.3274464E-09   5.9959100E-09 
   8.0479454E-09   1.0471406E-08   1.3218003E-08   1.6203076E-08 
   1.9311615E-08   2.2410109E-08   2.5362315E-08   2.8045941E-08 
   3.0366870E-08   3.2268225E-08   3.3732892E-08   3.4779760E-08 
   3.5455248E-08   3.5822548E-08   3.5950922E-08   3.5906908E-08 
   3.5748428E-08   3.5521857E-08   3.5261586E-08   3.4991228E-08 
   3.4725723E-08   3.4473580E-08   3.4238930E-08   3.4023149E-08 
   3.3826026E-08   3.3646533E-08   3.3483296E-08   3.3334853E-08 
   3.3199800E-08   3.3076837E-08   3.2964792E-08   3.2862612E-08 
   3.2769361E-08   3.2684195E-08   3.2606373E-08   3.2535215E-08 
   3.2470126E-08   3.2410551E-08   3.2356002E-08   3.2306030E-08 
   3.2260235E-08   3.2218242E-08   3.2179720E-08   3.2144353E-08 
   3.2111863E-08   3.2081992E-08   3.2054498E-08   3.2029160E-08 
   3.2005772E-08   3.1984143E-08   3.1964099E-08   3.1945468E-08 
   3.1928096E-08   3.1911839E-08   3.1896565E-08   3.1882163E-08 
   3.1868556E-08   3.1855709E-08   3.1843676E-08   3.1832588E-08 
   3.1822644E-08   3.1813990E-08   3.1806415E-08   3.1798841E-08
    0.000000       2.7471809E-14   7.8816646E-14   1.9154550E-13 
   4.4048670E-13   9.7480021E-13   2.0823673E-12   4.2972141E-12 
   8.5693440E-12   1.6517190E-11   3.0777176E-11   5.5448215E-11 
   9.6597542E-11   1.6274768E-10   2.6520861E-10   4.1806938E-10 
   6.3764316E-10   9.4119623E-10   1.3449060E-09   1.8611818E-09 
   2.4957143E-09   3.2448242E-09   4.0937782E-09   5.0166991E-09 
   5.9783702E-09   6.9378183E-09   7.8531075E-09   8.6864311E-09 
   9.4084918E-09   1.0001338E-08   1.0459211E-08   1.0787479E-08 
   1.1000100E-08   1.1116351E-08   1.1157541E-08   1.1144283E-08 
   1.1094628E-08   1.1023120E-08   1.0940610E-08   1.0854605E-08 
   1.0769893E-08   1.0689236E-08   1.0614001E-08   1.0544673E-08 
   1.0481219E-08   1.0423342E-08   1.0370623E-08   1.0322613E-08 
   1.0278874E-08   1.0238998E-08   1.0202620E-08   1.0169407E-08 
   1.0139062E-08   1.0111322E-08   1.0085948E-08   1.0062728E-08 
   1.0041467E-08   1.0021994E-08   1.0004150E-08   9.9877928E-09 
   9.9727924E-09   9.9590292E-09   9.9463957E-09   9.9347917E-09 
   9.9241264E-09   9.9143156E-09   9.9052828E-09   9.8969544E-09 
   9.8892645E-09   9.8821502E-09   9.8755555E-09   9.8694235E-09 
   9.8637054E-09   9.8583532E-09   9.8533244E-09   9.8485815E-09 
   9.8440989E-09   9.8398676E-09   9.8359019E-09   9.8322470E-09 
   9.8289661E-09   9.8261044E-09   9.8235935E-09   9.8210826E-09
    0.000000       8.7415664E-15   2.5002749E-14   6.0531461E-14 
   1.3864779E-13   3.0562738E-13   6.5040546E-13   1.3372938E-12 
   2.6574660E-12   5.1051403E-12   9.4825788E-12   1.7032964E-11 
   2.9590792E-11   4.9725606E-11   8.0838565E-11   1.2715681E-10 
   1.9356507E-10   2.8522515E-10   4.0696765E-10   5.6249627E-10 
   7.5351253E-10   9.7892894E-10   1.2343672E-09   1.5121261E-09 
   1.8017090E-09   2.0908784E-09   2.3670736E-09   2.6189240E-09 
   2.8375602E-09   3.0174747E-09   3.1567999E-09   3.2570104E-09 
   3.3221865E-09   3.3580483E-09   3.3709724E-09   3.3671690E-09 
   3.3521097E-09   3.3302290E-09   3.3048568E-09   3.2783130E-09 
   3.2520890E-09   3.2270555E-09   3.2036520E-09   3.1820429E-09 
   3.1622294E-09   3.1441276E-09   3.1276146E-09   3.1125555E-09 
   3.0988185E-09   3.0862801E-09   3.0748277E-09   3.0643608E-09 
   3.0547880E-09   3.0460285E-09   3.0380087E-09   3.0306635E-09 
   3.0239329E-09   3.0177632E-09   3.0121057E-09   3.0069160E-09 
   3.0021539E-09   2.9977820E-09   2.9937668E-09   2.9900771E-09 
   2.9866840E-09   2.9835616E-09   2.9806855E-09   2.9780327E-09 
   2.9755824E-09   2.9733151E-09   2.9712126E-09   2.9692573E-09 
   2.9674334E-09   2.9657259E-09   2.9641212E-09   2.9626077E-09 
   2.9611771E-09   2.9598266E-09   2.9585607E-09   2.9573932E-09 
   2.9563441E-09   2.9554272E-09   2.9546208E-09   2.9538141E-09
    0.000000       2.7113916E-15   7.7313127E-15   1.8645694E-14 
   4.2537680E-14   9.3399253E-14   1.9800708E-13   4.0563256E-13 
   8.0325124E-13   1.5379443E-12   2.8476308E-12   5.0997683E-12 
   8.8349128E-12   1.4808042E-11   2.4015866E-11   3.7694244E-11 
   5.7268395E-11   8.4241815E-11   1.2001974E-10   1.6567882E-10 
   2.2171411E-10   2.8781177E-10   3.6270334E-10   4.4415524E-10 
   5.2911897E-10   6.1403371E-10   6.9523481E-10   7.6939149E-10 
   8.3388951E-10   8.8708513E-10   9.2839220E-10   9.5820230E-10 
   9.7767672E-10   9.8846786E-10   9.9243358E-10   9.9139563E-10 
   9.8696851E-10   9.8046860E-10   9.7289043E-10   9.6493191E-10 
   9.5704511E-10   9.4949693E-10   9.4242458E-10   9.3588182E-10 
   9.2987246E-10   9.2437380E-10   9.1935065E-10   9.1476388E-10 
   9.1057462E-10   9.0674657E-10   9.0324637E-10   9.0004404E-10 
   8.9711250E-10   8.9442748E-10   8.9196722E-10   8.8971192E-10 
   8.8764379E-10   8.8574670E-10   8.8400592E-10   8.8240804E-10 
   8.8094093E-10   8.7959329E-10   8.7835494E-10   8.7721641E-10 
   8.7616897E-10   8.7520469E-10   8.7431606E-10   8.7349622E-10 
   8.7273871E-10   8.7203755E-10   8.7138713E-10   8.7078217E-10 
   8.7021768E-10   8.6968915E-10   8.6919238E-10   8.6872382E-10 
   8.6828084E-10   8.6786262E-10   8.6747054E-10   8.6710877E-10 
   8.6678337E-10   8.6649837E-10   8.6624691E-10   8.6599550E-10
    0.000000       8.2047153E-16   2.3322927E-15   5.6031810E-15 
   1.2731736E-14   2.7844722E-14   5.8806109E-14   1.2002786E-13 
   2.3685215E-13   4.5197594E-13   8.3422353E-13   1.4895387E-12 
   2.5732884E-12   4.3018427E-12   6.9600974E-12   1.0900470E-11 
   1.6528527E-11   2.4271366E-11   3.4527610E-11   4.7602398E-11 
   6.3636083E-11   8.2540134E-11   1.0395600E-10   1.2725174E-10 
   1.5156386E-10   1.7588198E-10   1.9916355E-10   2.2045744E-10 
   2.3901262E-10   2.5435121E-10   2.6629490E-10   2.7494423E-10 
   2.8062117E-10   2.8379088E-10   2.8498107E-10   2.8471242E-10 
   2.8344929E-10   2.8157246E-10   2.7937136E-10   2.7705047E-10 
   2.7474328E-10   2.7252953E-10   2.7045080E-10   2.6852412E-10 
   2.6675165E-10   2.6512742E-10   2.6364169E-10   2.6228336E-10 
   2.6104136E-10   2.5990521E-10   2.5886535E-10   2.5791302E-10 
   2.5704047E-10   2.5624061E-10   2.5550709E-10   2.5483418E-10 
   2.5421668E-10   2.5364982E-10   2.5312935E-10   2.5265132E-10 
   2.5221217E-10   2.5180855E-10   2.5143748E-10   2.5109617E-10 
   2.5078206E-10   2.5049274E-10   2.5022601E-10   2.4997987E-10 
   2.4975236E-10   2.4954172E-10   2.4934627E-10   2.4916444E-10 
   2.4899474E-10   2.4883584E-10   2.4868643E-10   2.4854552E-10 
   2.4841229E-10   2.4828647E-10   2.4816851E-10   2.4805963E-10 
   2.4796157E-10   2.4787553E-10   2.4779939E-10   2.4772323E-10
    0.000000       2.4241170E-16   6.8695627E-16   1.6440039E-15 
   3.7205689E-15   8.1048915E-15   1.7051686E-14   3.4676397E-14 
   6.8187738E-14   1.2968627E-13   2.3860872E-13   4.2477553E-13 
   7.3178209E-13   1.2201659E-12   1.9694253E-12   3.0776653E-12 
   4.6575478E-12   6.8275017E-12   9.6978979E-12   1.3353133E-11 
   1.7832012E-11   2.3110123E-11   2.9088483E-11   3.5592543E-11 
   4.2383534E-11   4.9181621E-11   5.5697339E-11   6.1665666E-11 
   6.6876081E-11   7.1193142E-11   7.4564174E-11   7.7014096E-11 
   7.8629936E-11   7.9539458E-11   7.9888866E-11   7.9823363E-11 
   7.9473213E-11   7.8945850E-11   7.8323438E-11   7.7664389E-11 
   7.7007158E-11   7.6374920E-11   7.5779993E-11   7.5227588E-11 
   7.4718592E-11   7.4251522E-11   7.3823746E-11   7.3432205E-11 
   7.3073811E-11   7.2745643E-11   7.2444994E-11   7.2169416E-11 
   7.1916709E-11   7.1684866E-11   7.1472092E-11   7.1276748E-11 
   7.1097371E-11   7.0932607E-11   7.0781235E-11   7.0642124E-11 
   7.0514247E-11   7.0396675E-11   7.0288525E-11   7.0189007E-11 
   7.0097379E-11   7.0012954E-11   6.9935092E-11   6.9863212E-11 
   6.9796766E-11   6.9735218E-11   6.9678097E-11   6.9624952E-11 
   6.9575339E-11   6.9528876E-11   6.9485188E-11   6.9443971E-11 
   6.9405010E-11   6.9368206E-11   6.9333699E-11   6.9301828E-11 
   6.9273094E-11   6.9247830E-11   6.9225396E-11   6.9202970E-11
    0.000000       6.9983715E-17   1.9770926E-16   4.7132465E-16 
   1.0623741E-15   2.3051339E-15   4.8312155E-15   9.7888320E-15 
   1.9181471E-14   3.6359811E-14   6.6687060E-14   1.1836434E-13 
   2.0334384E-13   3.3817448E-13   5.4453067E-13   8.4909548E-13 
   1.2824456E-12   1.8766635E-12   2.6616029E-12   3.6600644E-12 
   4.8825232E-12   6.3223927E-12   7.9529681E-12   9.7271375E-12 
   1.1580396E-11   1.3437029E-11   1.5218531E-11   1.6852773E-11 
   1.8282138E-11   1.9469154E-11   2.0398690E-11   2.1076696E-11 
   2.1526128E-11   2.1781254E-11   2.1881620E-11   2.1866765E-11 
   2.1772369E-11   2.1628024E-11   2.1456498E-11   2.1274081E-11 
   2.1091582E-11   2.0915573E-11   2.0749605E-11   2.0595230E-11 
   2.0452773E-11   2.0321878E-11   2.0201856E-11   2.0091881E-11 
   1.9991120E-11   1.9898768E-11   1.9814090E-11   1.9736407E-11 
   1.9665113E-11   1.9599657E-11   1.9539544E-11   1.9484319E-11 
   1.9433573E-11   1.9386933E-11   1.9344059E-11   1.9304638E-11 
   1.9268384E-11   1.9235032E-11   1.9204341E-11   1.9176088E-11 
   1.9150063E-11   1.9126077E-11   1.9103951E-11   1.9083516E-11 
   1.9064620E-11   1.9047113E-11   1.9030862E-11   1.9015739E-11 
   1.9001620E-11   1.8988392E-11   1.8975956E-11   1.8964221E-11 
   1.8953127E-11   1.8942650E-11   1.8932821E-11   1.8923739E-11 
   1.8915544E-11   1.8908321E-11   1.8901889E-11   1.8895456E-11
    0.000000       1.9756632E-17   5.5641270E-17   1.3213202E-16 
   2.9662969E-16   6.4108202E-16   1.3384889E-15   2.7020849E-15 
   5.2763249E-15   9.9684250E-15   1.8225430E-14   3.2252758E-14 
   5.5254551E-14   9.1654427E-14   1.4723063E-13   2.2907948E-13 
   3.4531527E-13   5.0443596E-13   7.1433663E-13   9.8103903E-13 
   1.3073064E-12   1.6913991E-12   2.1262705E-12   2.5994855E-12 
   3.0940053E-12   3.5897990E-12   4.0660526E-12   4.5035759E-12 
   4.8869580E-12   5.2060704E-12   5.4566811E-12   5.6401533E-12 
   5.7624023E-12   5.8324083E-12   5.8606254E-12   5.8575748E-12 
   5.8328056E-12   5.7942835E-12   5.7481723E-12   5.6989101E-12 
   5.6494635E-12   5.6016537E-12   5.5564789E-12   5.5143880E-12 
   5.4754907E-12   5.4397068E-12   5.4068586E-12   5.3767307E-12 
   5.3491014E-12   5.3237566E-12   5.3004979E-12   5.2791452E-12 
   5.2595341E-12   5.2415164E-12   5.2249581E-12   5.2097372E-12 
   5.1957423E-12   5.1828728E-12   5.1710359E-12   5.1601466E-12 
   5.1501277E-12   5.1409072E-12   5.1324184E-12   5.1246008E-12 
   5.1173974E-12   5.1107560E-12   5.1046277E-12   5.0989660E-12 
   5.0937293E-12   5.0888768E-12   5.0843713E-12   5.0801772E-12 
   5.0762615E-12   5.0725925E-12   5.0691426E-12   5.0658874E-12 
   5.0628095E-12   5.0599026E-12   5.0571752E-12   5.0546542E-12 
   5.0523761E-12   5.0503638E-12   5.0485662E-12   5.0467681E-12
    0.000000       5.4576537E-18   1.5323030E-17   3.6247088E-17 
   8.1045423E-17   1.7446499E-16   3.6287087E-16   7.2987585E-16 
   1.4202568E-15   2.6743704E-15   4.8742591E-15   8.6002694E-15 
   1.4692940E-14   2.4309366E-14   3.8956949E-14   6.0482449E-14 
   9.0993009E-14   1.3269118E-13   1.8761994E-13   2.5733533E-13 
   3.4255023E-13   4.4281468E-13   5.5630863E-13   6.7982019E-13 
   8.0894476E-13   9.3849754E-13   1.0630790E-12   1.1776946E-12 
   1.2783122E-12   1.3622555E-12   1.4283697E-12   1.4769534E-12 
   1.5094964E-12   1.5283001E-12   1.5360672E-12   1.5355359E-12 
   1.5292057E-12   1.5191731E-12   1.5070701E-12   1.4940787E-12 
   1.4809951E-12   1.4683122E-12   1.4563040E-12   1.4450971E-12 
   1.4347264E-12   1.4251744E-12   1.4163972E-12   1.4083394E-12 
   1.4009436E-12   1.3941539E-12   1.3879184E-12   1.3821899E-12 
   1.3769250E-12   1.3720850E-12   1.3676342E-12   1.3635405E-12 
   1.3597745E-12   1.3563096E-12   1.3531211E-12   1.3501866E-12 
   1.3474854E-12   1.3449983E-12   1.3427078E-12   1.3405978E-12 
   1.3386527E-12   1.3368589E-12   1.3352031E-12   1.3336731E-12 
   1.3322575E-12   1.3309457E-12   1.3297272E-12   1.3285929E-12 
   1.3275337E-12   1.3265411E-12   1.3256077E-12   1.3247269E-12 
   1.3238941E-12   1.3231074E-12   1.3223694E-12   1.3216867E-12 
   1.3210692E-12   1.3205224E-12   1.3200322E-12   1.3195420E-12
    0.000000       1.4762735E-18   4.1320095E-18   9.7366098E-18 
   2.1682654E-17   4.6491597E-17   9.6330470E-17   1.9305322E-16 
   3.7435614E-16   7.0259408E-16   1.2765356E-15   2.2457230E-15 
   3.8260762E-15   6.3139759E-15   1.0094506E-14   1.5638303E-14 
   2.3481193E-14   3.4182194E-14   4.8258964E-14   6.6105202E-14 
   8.7900939E-14   1.1353210E-13   1.4253828E-13   1.7410701E-13 
   2.0712337E-13   2.4027313E-13   2.7218484E-13   3.0158582E-13 
   3.2744345E-13   3.4906564E-13   3.6614489E-13   3.7874307E-13 
   3.8722712E-13   3.9217419E-13   3.9426833E-13   3.9420694E-13 
   3.9263029E-13   3.9007854E-13   3.8697436E-13   3.8362588E-13 
   3.8024212E-13   3.7695357E-13   3.7383372E-13   3.7091735E-13 
   3.6821506E-13   3.6572332E-13   3.6343151E-13   3.6132574E-13 
   3.5939144E-13   3.5761441E-13   3.5598133E-13   3.5448004E-13 
   3.5309941E-13   3.5182946E-13   3.5066096E-13   3.4958568E-13 
   3.4859596E-13   3.4768493E-13   3.4684622E-13   3.4607397E-13 
   3.4536284E-13   3.4470785E-13   3.4410441E-13   3.4354830E-13 
   3.4303558E-13   3.4256254E-13   3.4212577E-13   3.4172212E-13 
   3.4134856E-13   3.4100226E-13   3.4068064E-13   3.4038112E-13 
   3.4010143E-13   3.3983929E-13   3.3959277E-13   3.3936013E-13 
   3.3914017E-13   3.3893241E-13   3.3873742E-13   3.3855701E-13 
   3.3839362E-13   3.3824853E-13   3.3811804E-13   3.3798756E-13
    0.000000       3.9126677E-19   1.0917551E-18   2.5626595E-18 
   5.6838975E-18   1.2139277E-17   2.5057104E-17   5.0034018E-17 
   9.6687150E-17   1.8086695E-16   3.2759351E-16   5.7462525E-16 
   9.7631273E-16   1.6070461E-15   2.5632236E-15   3.9623757E-15 
   5.9380211E-15   8.6291922E-15   1.2164415E-14   1.6641297E-14 
   2.2104373E-14   2.8525295E-14   3.5789914E-14   4.3696820E-14 
   5.1969449E-14   6.0281404E-14   6.8291354E-14   7.5681601E-14 
   8.2193055E-14   8.7650488E-14   9.1973853E-14   9.5175089E-14 
   9.7342632E-14   9.8618271E-14   9.9171532E-14   9.9176411E-14 
   9.8793559E-14   9.8159226E-14   9.7380661E-14   9.6536514E-14 
   9.5680469E-14   9.4846365E-14   9.4053481E-14   9.3311148E-14 
   9.2622429E-14   9.1986721E-14   9.1401482E-14   9.0863332E-14 
   9.0368651E-14   8.9913889E-14   8.9495705E-14   8.9111051E-14 
   8.8757113E-14   8.8431371E-14   8.8131508E-14   8.7855430E-14 
   8.7601211E-14   8.7367098E-14   8.7151477E-14   8.6952872E-14 
   8.6769913E-14   8.6601346E-14   8.6445994E-14   8.6302784E-14 
   8.6170701E-14   8.6048817E-14   8.5936256E-14   8.5832200E-14 
   8.5735882E-14   8.5646578E-14   8.5563623E-14   8.5486367E-14 
   8.5414199E-14   8.5346572E-14   8.5282963E-14   8.5222939E-14 
   8.5166181E-14   8.5112574E-14   8.5062254E-14   8.5015674E-14 
   8.4973430E-14   8.4935822E-14   8.4901887E-14   8.4867944E-14
    0.000000       1.0166918E-19   2.8281458E-19   6.6128525E-19 
   1.4608207E-18   3.1076421E-18   6.3903127E-18   1.2714023E-17 
   2.4484318E-17   4.5651612E-17   8.2430295E-17   1.4416816E-16 
   2.4427964E-16   4.0107277E-16   6.3820947E-16   9.8446934E-16 
   1.4724765E-15   2.1361366E-15   3.0067408E-15   4.1080149E-15 
   5.4507616E-15   7.0280678E-15   8.8121818E-15   1.0754140E-14 
   1.2786675E-14   1.4830298E-14   1.6801722E-14   1.8623188E-14 
   2.0230980E-14   2.1581615E-14   2.2654714E-14   2.3452345E-14 
   2.3995385E-14   2.4317962E-14   2.4461258E-14   2.4467819E-14 
   2.4377151E-14   2.4222942E-14   2.4031851E-14   2.3823549E-14 
   2.3611552E-14   2.3404450E-14   2.3207195E-14   2.3022234E-14 
   2.2850421E-14   2.2691674E-14   2.2545410E-14   2.2410816E-14 
   2.2287016E-14   2.2173136E-14   2.2068359E-14   2.1971930E-14 
   2.1883161E-14   2.1801422E-14   2.1726143E-14   2.1656805E-14 
   2.1592932E-14   2.1534088E-14   2.1479871E-14   2.1429917E-14 
   2.1383882E-14   2.1341454E-14   2.1302342E-14   2.1266277E-14 
   2.1233005E-14   2.1202295E-14   2.1173928E-14   2.1147699E-14 
   2.1123416E-14   2.1100900E-14   2.1079979E-14   2.1060493E-14 
   2.1042291E-14   2.1025231E-14   2.1009185E-14   2.0994044E-14 
   2.0979727E-14   2.0966203E-14   2.0953508E-14   2.0941750E-14 
   2.0931072E-14   2.0921541E-14   2.0912906E-14   2.0904273E-14
    0.000000       2.5916056E-20   7.1869491E-20   1.6740008E-19 
   3.6831483E-19   7.8044873E-19   1.5987969E-18   3.1694693E-18 
   6.0827500E-18   1.1304543E-17   2.0349136E-17   3.5486998E-17 
   5.9966439E-17   9.8208203E-17   1.5591084E-16   2.3998881E-16 
   3.5826338E-16   5.1884744E-16   7.2921564E-16   9.9502654E-16 
   1.3188507E-15   1.6990336E-15   2.1289546E-15   2.5969348E-15 
   3.0869203E-15   3.5799183E-15   4.0559906E-15   4.4964659E-15 
   4.8859745E-15   5.2139354E-15   5.4752680E-15   5.6702668E-15 
   5.8037592E-15   5.8838004E-15   5.9202021E-15   5.9231676E-15 
   5.9022238E-15   5.8655388E-15   5.8196123E-15   5.7692668E-15 
   5.7178396E-15   5.6674670E-15   5.6193953E-15   5.5742514E-15 
   5.5322678E-15   5.4934406E-15   5.4576387E-15   5.4246717E-15 
   5.3943302E-15   5.3664052E-15   5.3406999E-15   5.3170316E-15 
   5.2952337E-15   5.2751535E-15   5.2566534E-15   5.2396065E-15 
   5.2238974E-15   5.2094199E-15   5.1960770E-15   5.1837790E-15 
   5.1724427E-15   5.1619920E-15   5.1523553E-15   5.1434670E-15 
   5.1352656E-15   5.1276939E-15   5.1206983E-15   5.1142291E-15 
   5.1082389E-15   5.1026836E-15   5.0975214E-15   5.0927128E-15 
   5.0882209E-15   5.0840103E-15   5.0800500E-15   5.0763129E-15 
   5.0727795E-15   5.0694422E-15   5.0663086E-15   5.0634046E-15 
   5.0607639E-15   5.0584003E-15   5.0562509E-15   5.0541016E-15
    0.000000       6.4841670E-21   1.7926535E-20   4.1594376E-20 
   9.1150030E-20   1.9238766E-19   3.9263526E-19   7.7557049E-19 
   1.4833731E-18   2.7478704E-18   4.9312794E-18   8.5749546E-18 
   1.4451069E-17   2.3607536E-17   3.7391664E-17   5.7434353E-17 
   8.5576433E-17   1.2372372E-16   1.7362917E-16   2.3661770E-16 
   3.1328983E-16   4.0325680E-16   5.0496774E-16   6.1568781E-16 
   7.3165552E-16   8.4841583E-16   9.6128297E-16   1.0658563E-15 
   1.1584965E-15   1.2366773E-15   1.2991577E-15   1.3459596E-15 
   1.3781772E-15   1.3976763E-15   1.4067504E-15   1.4078008E-15 
   1.4030822E-15   1.3945380E-15   1.3837229E-15   1.3717972E-15 
   1.3595688E-15   1.3475592E-15   1.3360755E-15   1.3252754E-15 
   1.3152199E-15   1.3059121E-15   1.2973234E-15   1.2894100E-15 
   1.2821230E-15   1.2754132E-15   1.2692340E-15   1.2635421E-15 
   1.2582980E-15   1.2534656E-15   1.2490117E-15   1.2449063E-15 
   1.2411219E-15   1.2376332E-15   1.2344170E-15   1.2314518E-15 
   1.2287177E-15   1.2261967E-15   1.2238714E-15   1.2217264E-15 
   1.2197467E-15   1.2179187E-15   1.2162295E-15   1.2146672E-15 
   1.2132202E-15   1.2118783E-15   1.2106312E-15   1.2094693E-15 
   1.2083839E-15   1.2073665E-15   1.2064095E-15   1.2055066E-15 
   1.2046529E-15   1.2038465E-15   1.2030893E-15   1.2023871E-15 
   1.2017477E-15   1.2011737E-15   1.2006498E-15   1.2001258E-15
    0.000000       1.5932671E-21   4.3913771E-21   1.0150077E-20 
   2.2154073E-20   4.6577206E-20   9.4700916E-20   1.8639384E-19 
   3.5529075E-19   6.5604056E-19   1.1737425E-18   2.0351784E-18 
   3.4206452E-18   5.5741414E-18   8.8085661E-18   1.3501790E-17 
   2.0079411E-17   2.8981226E-17   4.0611071E-17   5.5273701E-17 
   7.3106917E-17   9.4020988E-17   1.1765908E-16   1.4339202E-16 
   1.7035413E-16   1.9751886E-16   2.2380455E-16   2.4819243E-16 
   2.6983624E-16   2.8814375E-16   3.0281769E-16   3.1385215E-16 
   3.2149043E-16   3.2615665E-16   3.2837742E-16   3.2870757E-16 
   3.2767102E-16   3.2572176E-16   3.2322494E-16   3.2045464E-16 
   3.1760281E-16   3.1479440E-16   3.1210366E-16   3.0956939E-16 
   3.0720728E-16   3.0501895E-16   3.0299832E-16   3.0113557E-16 
   2.9941945E-16   2.9783862E-16   2.9638228E-16   2.9504032E-16 
   2.9380349E-16   2.9266338E-16   2.9161229E-16   2.9064318E-16 
   2.8974959E-16   2.8892561E-16   2.8816580E-16   2.8746512E-16 
   2.8681893E-16   2.8622294E-16   2.8567316E-16   2.8516587E-16 
   2.8469762E-16   2.8426518E-16   2.8386552E-16   2.8349581E-16 
   2.8315340E-16   2.8283579E-16   2.8254057E-16   2.8226555E-16 
   2.8200861E-16   2.8176779E-16   2.8154126E-16   2.8132749E-16 
   2.8112542E-16   2.8093457E-16   2.8075532E-16   2.8058901E-16 
   2.8043734E-16   2.8030075E-16   2.8017558E-16   2.8005040E-16
    0.000000       3.8488324E-22   1.0575755E-21   2.4350612E-21 
   5.2936554E-21   1.1086020E-20   2.2455732E-20   4.4040631E-20 
   8.3663057E-20   1.5398802E-19   2.7467168E-19   4.7490559E-19 
   7.9607971E-19   1.2940526E-18   2.0402728E-18   3.1208224E-18 
   4.6324521E-18   6.6749526E-18   9.3398013E-18   1.2695927E-17 
   1.6774424E-17   2.1554932E-17   2.6956718E-17   3.2837472E-17 
   3.9001295E-17   4.5215615E-17   5.1234942E-17   5.6827401E-17 
   6.1799537E-17   6.6014896E-17   6.9403564E-17   7.1961716E-17 
   7.3742417E-17   7.4840443E-17   7.5374577E-17   7.5470841E-17 
   7.5248898E-17   7.4812981E-17   7.4247368E-17   7.3615673E-17 
   7.2962736E-17   7.2317939E-17   7.1698937E-17   7.1115086E-17 
   7.0570312E-17   7.0065215E-17   6.9598540E-17   6.9168108E-17 
   6.8771406E-17   6.8405845E-17   6.8068957E-17   6.7758440E-17 
   6.7472176E-17   6.7208226E-17   6.6964823E-17   6.6740346E-17 
   6.6533320E-17   6.6342380E-17   6.6166276E-17   6.6003845E-17 
   6.5854012E-17   6.5715807E-17   6.5588289E-17   6.5470611E-17 
   6.5361972E-17   6.5261625E-17   6.5168875E-17   6.5083074E-17 
   6.5003591E-17   6.4929860E-17   6.4861330E-17   6.4797484E-17 
   6.4737835E-17   6.4681917E-17   6.4629329E-17   6.4579711E-17 
   6.4532807E-17   6.4488509E-17   6.4446899E-17   6.4408266E-17 
   6.4372982E-17   6.4341106E-17   6.4311764E-17   6.4282422E-17
    0.000000       9.2390424E-23   2.5307233E-22   5.8040180E-22 
   1.2565810E-21   2.6210036E-21   5.2887226E-21   1.0334530E-20 
   1.9564421E-20   3.5892023E-20   6.3823964E-20   1.1003159E-19 
   1.8394552E-19   2.9825716E-19   4.6915782E-19   7.1610871E-19 
   1.0609363E-18   1.5261097E-18   2.1321922E-18   2.8946536E-18 
   3.8204573E-18   4.9050193E-18   6.1302169E-18   7.4641122E-18 
   8.8627150E-18   1.0273747E-17   1.1641919E-17   1.2914864E-17 
   1.4048695E-17   1.5012215E-17   1.5789116E-17   1.6377964E-17 
   1.6790213E-17   1.7046844E-17   1.7174442E-17   1.7201391E-17 
   1.7154809E-17   1.7058438E-17   1.6931581E-17   1.6788890E-17 
   1.6640755E-17   1.6494038E-17   1.6352897E-17   1.6219577E-17 
   1.6095049E-17   1.5979498E-17   1.5872676E-17   1.5774106E-17 
   1.5683227E-17   1.5599457E-17   1.5522236E-17   1.5451042E-17 
   1.5385394E-17   1.5324851E-17   1.5269010E-17   1.5217501E-17 
   1.5169988E-17   1.5126157E-17   1.5085726E-17   1.5048429E-17 
   1.5014020E-17   1.4982274E-17   1.4952982E-17   1.4925945E-17 
   1.4900984E-17   1.4877924E-17   1.4856609E-17   1.4836887E-17 
   1.4818620E-17   1.4801671E-17   1.4785918E-17   1.4771240E-17 
   1.4757527E-17   1.4744675E-17   1.4732586E-17   1.4721183E-17 
   1.4710403E-17   1.4700224E-17   1.4690660E-17   1.4681776E-17 
   1.4673645E-17   1.4666276E-17   1.4659462E-17   1.4652649E-17
    0.000000       2.6199544E-23   7.1514772E-23   1.6329557E-22 
   3.5192746E-22   7.3079241E-22   1.4683349E-21   2.8576269E-21 
   5.3890857E-21   9.8507865E-21   1.7457110E-20   2.9999385E-20 
   5.0001388E-20   8.0848982E-20   1.2684935E-19   1.9316598E-19 
   2.8557625E-19   4.1001526E-19   5.7190471E-19   7.7531639E-19 
   1.0220790E-18   1.3109824E-18   1.6372565E-18   1.9924963E-18 
   2.3651184E-18   2.7413398E-18   3.1065543E-18   3.4468846E-18 
   3.7506441E-18   4.0094540E-18   4.2188416E-18   4.3782579E-18 
   4.4905795E-18   4.5612426E-18   4.5972155E-18   4.6059968E-18 
   4.5947960E-18   4.5699628E-18   4.5366907E-18   4.4989460E-18 
   4.4595615E-18   4.4204218E-18   4.3826821E-18   4.3469747E-18 
   4.3135831E-18   4.2825738E-18   4.2538896E-18   4.2274099E-18 
   4.2029878E-18   4.1804699E-18   4.1597081E-18   4.1405626E-18 
   4.1229052E-18   4.1066180E-18   4.0915931E-18   4.0777316E-18 
   4.0649438E-18   4.0531453E-18   4.0422604E-18   4.0322176E-18 
   4.0229520E-18   4.0144026E-18   4.0065126E-18   3.9992297E-18 
   3.9925047E-18   3.9862921E-18   3.9805490E-18   3.9752352E-18 
   3.9703123E-18   3.9657450E-18   3.9614995E-18   3.9575443E-18 
   3.9538489E-18   3.9503855E-18   3.9471285E-18   3.9440559E-18 
   3.9411525E-18   3.9384104E-18   3.9358341E-18   3.9334386E-18 
   3.9312420E-18   3.9292432E-18   3.9273857E-18   3.9255283E-18
    0.000000       2.6199544E-23   7.1514772E-23   1.6329557E-22 
   3.5192746E-22   7.3079241E-22   1.4683349E-21   2.8576269E-21 
   5.3890857E-21   9.8507865E-21   1.7457110E-20   2.9999385E-20 
   5.0001388E-20   8.0848982E-20   1.2684935E-19   1.9316598E-19 
   2.8557625E-19   4.1001526E-19   5.7190471E-19   7.7531639E-19 
   1.0220790E-18   1.3109824E-18   1.6372565E-18   1.9924963E-18 
   2.3651184E-18   2.7413398E-18   3.1065543E-18   3.4468846E-18 
   3.7506441E-18   4.0094540E-18   4.2188416E-18   4.3782579E-18 
   4.4905795E-18   4.5612426E-18   4.5972155E-18   4.6059968E-18 
   4.5947960E-18   4.5699628E-18   4.5366907E-18   4.4989460E-18 
   4.4595615E-18   4.4204218E-18   4.3826821E-18   4.3469747E-18 
   4.3135831E-18   4.2825738E-18   4.2538896E-18   4.2274099E-18 
   4.2029878E-18   4.1804699E-18   4.1597081E-18   4.1405626E-18 
   4.1229052E-18   4.1066180E-18   4.0915931E-18   4.0777316E-18 
   4.0649438E-18   4.0531453E-18   4.0422604E-18   4.0322176E-18 
   4.0229520E-18   4.0144026E-18   4.0065126E-18   3.9992297E-18 
   3.9925047E-18   3.9862921E-18   3.9805490E-18   3.9752352E-18 
   3.9703123E-18   3.9657450E-18   3.9614995E-18   3.9575443E-18 
   3.9538489E-18   3.9503855E-18   3.9471285E-18   3.9440559E-18 
   3.9411525E-18   3.9384104E-18   3.9358341E-18   3.9334386E-18 
   3.9312420E-18   3.9292432E-18   3.9273857E-18   3.9255283E-18
