    59.44661        59.44661        59.43120        59.42058     
    59.41426        59.41189        59.41320        59.41803     
    59.42621        59.43768        59.45238        59.47029     
    59.49136        59.51560        59.54296        59.57338     
    59.60679        59.64305        59.68199        59.72339     
    59.76692        59.81210        59.85826        59.68414     
    59.51430        59.35282        59.20253        59.06508     
    58.94113        58.83052        58.73254        58.64617     
    58.57022        58.50347        58.44474        58.39293     
    58.34707        58.30629        58.26981        58.23700     
    58.20728        58.18018        58.15526        58.13219     
    58.11066        58.09040        58.07121        58.05290     
    58.03529        58.01826        58.00170        57.98550     
    57.96957        57.95385        57.93828        57.92280     
    57.90738        57.89196        57.87654        57.86107     
    57.84554        57.82993        57.81423        57.79842     
    57.78250        57.76645        57.75027        57.73395     
    57.71750        57.70090        57.68417        57.66728     
    57.65025        57.63308        57.61576        57.59830     
    57.58070        57.56296        57.54508        57.52707     
    57.50893        57.49067        57.47227        57.45389    
    59.44661        59.44661        59.43120        59.42058     
    59.41426        59.41189        59.41320        59.41803     
    59.42621        59.43768        59.45238        59.47029     
    59.49136        59.51560        59.54296        59.57338     
    59.60679        59.64305        59.68199        59.72339     
    59.76692        59.81210        59.85826        59.68414     
    59.51430        59.35282        59.20253        59.06508     
    58.94113        58.83052        58.73254        58.64617     
    58.57022        58.50347        58.44474        58.39293     
    58.34707        58.30629        58.26981        58.23700     
    58.20728        58.18018        58.15526        58.13219     
    58.11066        58.09040        58.07121        58.05290     
    58.03529        58.01826        58.00170        57.98550     
    57.96957        57.95385        57.93828        57.92280     
    57.90738        57.89196        57.87654        57.86107     
    57.84554        57.82993        57.81423        57.79842     
    57.78250        57.76645        57.75027        57.73395     
    57.71750        57.70090        57.68417        57.66728     
    57.65025        57.63308        57.61576        57.59830     
    57.58070        57.56296        57.54508        57.52707     
    57.50893        57.49067        57.47227        57.45389    
    57.08630        57.08630        57.07159        57.06129     
    57.05510        57.05274        57.05399        57.05867     
    57.06667        57.07791        57.09234        57.10995     
    57.13074        57.15469        57.18182        57.21210     
    57.24551        57.28199        57.32148        57.36384     
    57.40878        57.45581        57.50407        57.32306     
    57.14744        56.98177        56.82903        56.69072     
    56.56713        56.45772        56.36143        56.27696     
    56.20294        56.13803        56.08099        56.03069     
    55.98615        55.94650        55.91101        55.87903     
    55.85001        55.82350        55.79909        55.77644     
    55.75526        55.73531        55.71637        55.69826     
    55.68083        55.66395        55.64751        55.63141     
    55.61557        55.59992        55.58441        55.56898     
    55.55359        55.53822        55.52282        55.50737     
    55.49186        55.47627        55.46058        55.44478     
    55.42886        55.41282        55.39665        55.38034     
    55.36389        55.34730        55.33056        55.31368     
    55.29665        55.27948        55.26217        55.24471     
    55.22711        55.20937        55.19149        55.17348     
    55.15534        55.13707        55.11868        55.10029    
    54.72031        54.72031        54.70623        54.69635     
    54.69036        54.68804        54.68918        54.69362     
    54.70126        54.71204        54.72594        54.74295     
    54.76310        54.78644        54.81302        54.84293     
    54.87625        54.91310        54.95362        54.99787     
    55.04574        55.09674        55.14968        54.95327     
    54.76500        54.59064        54.43329        54.29380     
    54.17153        54.06503        53.97250        53.89211     
    53.82211        53.76098        53.70735        53.66007     
    53.61815        53.58076        53.54720        53.51685     
    53.48922        53.46387        53.44044        53.41862     
    53.39814        53.37877        53.36032        53.34262     
    53.32554        53.30895        53.29275        53.27685     
    53.26118        53.24567        53.23027        53.21494     
    53.19963        53.18432        53.16898        53.15358     
    53.13810        53.12254        53.10688        53.09110     
    53.07520        53.05917        53.04301        53.02671     
    53.01027        52.99368        52.97695        52.96007     
    52.94305        52.92588        52.90857        52.89111     
    52.87351        52.85577        52.83789        52.81989     
    52.80174        52.78347        52.76508        52.74669    
    52.34874        52.34874        52.33541        52.32602     
    52.32029        52.31800        52.31896        52.32303     
    52.33013        52.34021        52.35326        52.36931     
    52.38842        52.41069        52.43626        52.46532     
    52.49817        52.53519        52.57687        52.62373     
    52.67611        52.73372        52.79509        52.57072     
    52.36096        52.17333        52.01019        51.87059     
    51.75197        51.65123        51.56535        51.49171     
    51.42814        51.37285        51.32441        51.28164     
    51.24360        51.20952        51.17877        51.15080     
    51.12518        51.10153        51.07953        51.05891     
    51.03943        51.02091        51.00317        50.98607     
    50.96949        50.95331        50.93746        50.92185     
    50.90642        50.89112        50.87589        50.86069     
    50.84550        50.83029        50.81502        50.79969     
    50.78427        50.76875        50.75312        50.73738     
    50.72150        50.70549        50.68935        50.67306     
    50.65663        50.64005        50.62333        50.60646     
    50.58944        50.57228        50.55497        50.53752     
    50.51992        50.50218        50.48431        50.46629     
    50.44815        50.42988        50.41149        50.39309    
    49.97184        49.97184        49.95943        49.95064     
    49.94522        49.94294        49.94365        49.94722     
    49.95359        49.96270        49.97458        49.98925     
    50.00682        50.02742        50.05128        50.07873     
    50.11027        50.14666        50.18893        50.23844     
    50.29656        50.36403        50.43956        50.16579     
    49.92295        49.71856        49.55121        49.41557     
    49.30540        49.21503        49.13984        49.07632     
    49.02189        48.97464        48.93313        48.89629     
    48.86330        48.83348        48.80632        48.78139     
    48.75833        48.73682        48.71663        48.69753     
    48.67934        48.66189        48.64505        48.62871     
    48.61276        48.59712        48.58171        48.56647     
    48.55135        48.53630        48.52129        48.50627     
    48.49123        48.47614        48.46097        48.44572     
    48.43037        48.41491        48.39933        48.38362     
    48.36777        48.35179        48.33567        48.31940     
    48.30298        48.28642        48.26971        48.25285     
    48.23584        48.21868        48.20137        48.18393     
    48.16633        48.14859        48.13071        48.11270     
    48.09456        48.07628        48.05789        48.03949    
    47.59005        47.59005        47.57872        47.57063     
    47.56554        47.56327        47.56366        47.56660     
    47.57204        47.57993        47.59028        47.60314     
    47.61860        47.63681        47.65804        47.68272     
    47.71152        47.74556        47.78660        47.83720     
    47.90082        47.98117        48.07970        47.71432     
    47.42627        47.20748        47.04418        46.92208     
    46.82904        46.75604        46.69685        46.64739     
    46.60500        46.56792        46.53497        46.50531     
    46.47832        46.45356        46.43064        46.40926     
    46.38919        46.37020        46.35213        46.33481     
    46.31811        46.30193        46.28615        46.27069     
    46.25549        46.24047        46.22558        46.21078     
    46.19602        46.18127        46.16651        46.15171     
    46.13684        46.12188        46.10684        46.09169     
    46.07642        46.06102        46.04549        46.02983     
    46.01402        45.99807        45.98198        45.96572     
    45.94933        45.93278        45.91608        45.89923     
    45.88223        45.86508        45.84778        45.83033     
    45.81274        45.79501        45.77713        45.75912     
    45.74097        45.72269        45.70429        45.68589    
    45.20388        45.20388        45.19379        45.18648     
    45.18176        45.17948        45.17949        45.18169     
    45.18603        45.19245        45.20095        45.21155     
    45.22430        45.23934        45.25688        45.27731     
    45.30135        45.33026        45.36629        45.41330     
    45.47783        45.57011        45.70330        45.14721     
    44.82438        44.61237        44.47497        44.38488     
    44.32264        44.27634        44.23930        44.20790     
    44.18017        44.15505        44.13190        44.11032     
    44.09005        44.07087        44.05263        44.03518     
    44.01840        44.00219        43.98645        43.97110     
    43.95605        43.94126        43.92665        43.91219     
    43.89780        43.88348        43.86917        43.85485     
    43.84050        43.82609        43.81160        43.79703     
    43.78235        43.76756        43.75265        43.73760     
    43.72242        43.70710        43.69164        43.67602     
    43.66026        43.64434        43.62827        43.61205     
    43.59567        43.57914        43.56245        43.54561     
    43.52862        43.51148        43.49419        43.47675     
    43.45916        43.44143        43.42355        43.40553     
    43.38738        43.36909        43.35069        43.33228    
    42.81396        42.81396        42.80520        42.79874     
    42.79443        42.79213        42.79171        42.79309     
    42.79619        42.80096        42.80733        42.81530     
    42.82484        42.83599        42.84880        42.86348     
    42.88046        42.90067        42.92598        42.96019     
    43.01134        43.09745        43.26350        42.23088     
    42.05418        41.90446        41.83456        41.80589     
    41.79235        41.78276        41.77325        41.76280     
    41.75136        41.73914        41.72639        41.71331     
    41.70004        41.68670        41.67333        41.65998     
    41.64665        41.63335        41.62007        41.60679     
    41.59349        41.58017        41.56681        41.55338     
    41.53987        41.52628        41.51258        41.49878     
    41.48485        41.47080        41.45661        41.44228     
    41.42781        41.41319        41.39841        41.38349     
    41.36840        41.35316        41.33776        41.32220     
    41.30648        41.29060        41.27456        41.25836     
    41.24200        41.22549        41.20882        41.19199     
    41.17501        41.15788        41.14059        41.12316     
    41.10558        41.08785        41.06997        41.05196     
    41.03380        41.01550        40.99709        40.97867    
    40.42096        40.42096        40.41359        40.40803     
    40.40415        40.40183        40.40097        40.40148     
    40.40327        40.40625        40.41035        40.41545     
    40.42144        40.42821        40.43559        40.44343     
    40.45162        40.46014        40.46918        40.47932     
    40.49152        40.50658        40.52139        40.51043     
    39.24378        39.07595        39.13245        39.20440     
    39.25613        39.28888        39.30834        39.31890     
    39.32343        39.32377        39.32113        39.31633     
    39.30993        39.30234        39.29381        39.28454     
    39.27467        39.26429        39.25348        39.24230     
    39.23077        39.21894        39.20683        39.19447     
    39.18185        39.16900        39.15593        39.14265     
    39.12916        39.11547        39.10159        39.08751     
    39.07325        39.05880        39.04417        39.02936     
    39.01437        38.99921        38.98388        38.96837     
    38.95269        38.93685        38.92084        38.90467     
    38.88834        38.87184        38.85519        38.83838     
    38.82140        38.80428        38.78701        38.76958     
    38.75201        38.73428        38.71641        38.69839     
    38.68022        38.66191        38.64348        38.62505    
    38.02555        38.02555        38.01962        38.01498     
    38.01154        38.00922        38.00793        38.00757     
    38.00804        38.00923        38.01100        38.01318     
    38.01556        38.01784        38.01964        38.02044     
    38.01955        38.01600        38.00834        37.99418     
    37.96902        37.92334        37.83520        37.65165     
    37.24435        37.04327        36.97577        36.96360     
    36.96867        36.97636        36.98200        36.98457     
    36.98422        36.98144        36.97670        36.97042     
    36.96292        36.95447        36.94525        36.93541     
    36.92504        36.91424        36.90306        36.89155     
    36.87974        36.86766        36.85532        36.84275     
    36.82995        36.81694        36.80373        36.79031     
    36.77670        36.76291        36.74892        36.73476     
    36.72041        36.70589        36.69120        36.67633     
    36.66129        36.64607        36.63069        36.61515     
    36.59943        36.58355        36.56752        36.55131     
    36.53495        36.51843        36.50175        36.48492     
    36.46793        36.45079        36.43349        36.41605     
    36.39846        36.38072        36.36283        36.34480     
    36.32663        36.30832        36.28988        36.27144    
    35.62847        35.62847        35.62394        35.62022     
    35.61724        35.61495        35.61326        35.61208     
    35.61129        35.61077        35.61032        35.60973     
    35.60869        35.60678        35.60345        35.59794     
    35.58920        35.57576        35.55550        35.52526     
    35.48017        35.41265        35.31150        35.16373     
    34.97126        34.82860        34.74507        34.70149     
    34.67967        34.66820        34.66095        34.65494     
    34.64883        34.64210        34.63457        34.62627     
    34.61726        34.60765        34.59750        34.58691     
    34.57593        34.56461        34.55299        34.54109     
    34.52895        34.51657        34.50398        34.49118     
    34.47818        34.46499        34.45161        34.43805     
    34.42432        34.41040        34.39632        34.38206     
    34.36763        34.35303        34.33826        34.32333     
    34.30823        34.29297        34.27754        34.26195     
    34.24620        34.23028        34.21421        34.19798     
    34.18158        34.16504        34.14833        34.13148     
    34.11447        34.09731        34.08000        34.06254     
    34.04493        34.02718        34.00927        33.99123     
    33.97305        33.95473        33.93628        33.91783    
    33.23037        33.23037        33.22721        33.22438     
    33.22187        33.21964        33.21761        33.21569     
    33.21378        33.21171        33.20928        33.20622     
    33.20218        33.19669        33.18910        33.17859     
    33.16402        33.14391        33.11626        33.07848     
    33.02728        32.95888        32.86998        32.76074     
    32.64140        32.53904        32.46377        32.41271     
    32.37892        32.35602        32.33946        32.32633     
    32.31492        32.30424        32.29377        32.28325     
    32.27253        32.26158        32.25037        32.23892     
    32.22723        32.21532        32.20319        32.19086     
    32.17835        32.16565        32.15278        32.13973     
    32.12651        32.11313        32.09958        32.08587     
    32.07200        32.05796        32.04377        32.02941     
    32.01489        32.00021        31.98537        31.97037     
    31.95521        31.93989        31.92441        31.90878     
    31.89298        31.87703        31.86092        31.84466     
    31.82824        31.81166        31.79494        31.77806     
    31.76102        31.74384        31.72651        31.70904     
    31.69141        31.67364        31.65573        31.63767     
    31.61948        31.60114        31.58268        31.56421    
    30.83189        30.83189        30.83000        30.82803     
    30.82600        30.82386        30.82157        30.81905     
    30.81617        30.81279        30.80869        30.80358     
    30.79710        30.78877        30.77799        30.76395     
    30.74565        30.72183        30.69099        30.65141     
    30.60133        30.53938        30.46547        30.38217     
    30.29631        30.21816        30.15369        30.10366     
    30.06583        30.03711        30.01470        29.99641     
    29.98072        29.96661        29.95341        29.94073     
    29.92829        29.91596        29.90364        29.89127     
    29.87882        29.86627        29.85361        29.84082     
    29.82791        29.81487        29.80170        29.78839     
    29.77494        29.76135        29.74763        29.73375     
    29.71974        29.70557        29.69126        29.67680     
    29.66219        29.64742        29.63251        29.61744     
    29.60221        29.58684        29.57131        29.55563     
    29.53979        29.52380        29.50765        29.49136     
    29.47491        29.45831        29.44155        29.42465     
    29.40760        29.39040        29.37305        29.35555     
    29.33791        29.32012        29.30219        29.28412     
    29.26591        29.24757        29.22908        29.21060    
    28.43359        28.43359        28.43287        28.43170     
    28.43013        28.42813        28.42567        28.42268     
    28.41905        28.41461        28.40918        28.40248     
    28.39417        28.38380        28.37083        28.35460     
    28.33430        28.30900        28.27769        28.23937     
    28.19328        28.13919        28.07791        28.01179     
    27.94490        27.88210        27.82684        27.78039     
    27.74229        27.71119        27.68553        27.66388     
    27.64507        27.62823        27.61273        27.59812     
    27.58410        27.57045        27.55704        27.54376     
    27.53055        27.51735        27.50414        27.49089     
    27.47757        27.46418        27.45070        27.43712     
    27.42344        27.40964        27.39573        27.38169     
    27.36752        27.35323        27.33879        27.32423     
    27.30952        27.29467        27.27967        27.26454     
    27.24925        27.23381        27.21823        27.20250     
    27.18662        27.17059        27.15441        27.13807     
    27.12160        27.10497        27.08819        27.07126     
    27.05418        27.03696        27.01959        27.00208     
    26.98442        26.96662        26.94868        26.93059     
    26.91236        26.89400        26.87549        26.85699    
    26.03595        26.03595        26.03627        26.03584     
    26.03472        26.03290        26.03036        26.02705     
    26.02285        26.01764        26.01123        26.00339     
    25.99380        25.98210        25.96783        25.95048     
    25.92945        25.90410        25.87382        25.83811     
    25.79670        25.74984        25.69841        25.64416     
    25.58954        25.53724        25.48936        25.44699     
    25.41030        25.37879        25.35168        25.32810     
    25.30723        25.28842        25.27112        25.25493     
    25.23955        25.22473        25.21032        25.19620     
    25.18226        25.16844        25.15470        25.14098     
    25.12726        25.11352        25.09974        25.08589     
    25.07197        25.05796        25.04386        25.02965     
    25.01534        25.00091        24.98636        24.97168     
    24.95688        24.94194        24.92687        24.91166     
    24.89630        24.88081        24.86517        24.84939     
    24.83347        24.81739        24.80118        24.78481     
    24.76830        24.75164        24.73483        24.71788     
    24.70078        24.68354        24.66615        24.64862     
    24.63095        24.61313        24.59517        24.57707     
    24.55883        24.54044        24.52192        24.50340    
    23.63938        23.63938        23.64060        23.64084     
    23.64014        23.63853        23.63600        23.63250     
    23.62794        23.62221        23.61515        23.60656     
    23.59619        23.58374        23.56886        23.55116     
    23.53024        23.50569        23.47716        23.44444     
    23.40752        23.36676        23.32293        23.27724     
    23.23125        23.18658        23.14459        23.10613     
    23.07154        23.04072        23.01333        22.98887     
    22.96683        22.94673        22.92816        22.91078     
    22.89430        22.87852        22.86326        22.84838     
    22.83379        22.81940        22.80516        22.79101     
    22.77691        22.76283        22.74875        22.73464     
    22.72049        22.70628        22.69199        22.67763     
    22.66316        22.64860        22.63393        22.61915     
    22.60425        22.58923        22.57407        22.55879     
    22.54337        22.52782        22.51213        22.49630     
    22.48033        22.46421        22.44796        22.43156     
    22.41501        22.39833        22.38149        22.36452     
    22.34740        22.33013        22.31273        22.29518     
    22.27748        22.25965        22.24167        22.22356     
    22.20530        22.18690        22.16836        22.14982    
    21.24418        21.24418        21.24617        21.24699     
    21.24670        21.24533        21.24287        21.23930     
    21.23455        21.22852        21.22110        21.21210     
    21.20135        21.18862        21.17363        21.15613     
    21.13583        21.11251        21.08599        21.05620     
    21.02326        20.98753        20.94959        20.91031     
    20.87071        20.83184        20.79461        20.75968     
    20.72740        20.69784        20.67089        20.64631     
    20.62377        20.60296        20.58360        20.56539     
    20.54811        20.53158        20.51563        20.50014     
    20.48499        20.47011        20.45543        20.44088     
    20.42644        20.41205        20.39770        20.38334     
    20.36897        20.35456        20.34011        20.32558     
    20.31098        20.29629        20.28151        20.26662     
    20.25162        20.23651        20.22128        20.20593     
    20.19045        20.17484        20.15909        20.14322     
    20.12720        20.11104        20.09475        20.07832     
    20.06174        20.04502        20.02817        20.01117     
    19.99402        19.97674        19.95931        19.94174     
    19.92403        19.90619        19.88819        19.87006     
    19.85179        19.83338        19.81482        19.79626    
    18.85059        18.85059        18.85323        18.85455     
    18.85463        18.85351        18.85119        18.84765     
    18.84285        18.83672        18.82915        18.82004     
    18.80922        18.79652        18.78179        18.76481     
    18.74544        18.72354        18.69904        18.67196     
    18.64245        18.61082        18.57754        18.54320     
    18.50852        18.47420        18.44088        18.40906     
    18.37905        18.35101        18.32492        18.30070     
    18.27816        18.25710        18.23733        18.21863     
    18.20083        18.18377        18.16731        18.15134     
    18.13575        18.12046        18.10540        18.09052     
    18.07578        18.06112        18.04651        18.03194     
    18.01737        18.00278        17.98816        17.97349     
    17.95875        17.94394        17.92905        17.91407     
    17.89898        17.88379        17.86848        17.85306     
    17.83752        17.82185        17.80606        17.79013     
    17.77407        17.75788        17.74155        17.72508     
    17.70848        17.69173        17.67484        17.65782     
    17.64066        17.62335        17.60591        17.58832     
    17.57059        17.55273        17.53472        17.51658     
    17.49829        17.47987        17.46129        17.44272    
    16.45879        16.45879        16.46194        16.46369     
    16.46411        16.46324        16.46110        16.45767     
    16.45294        16.44685        16.43933        16.43029     
    16.41963        16.40723        16.39297        16.37673     
    16.35843        16.33799        16.31541        16.29076     
    16.26418        16.23594        16.20639        16.17596     
    16.14517        16.11450        16.08443        16.05533     
    16.02747        16.00101        15.97601        15.95244     
    15.93023        15.90926        15.88939        15.87049     
    15.85240        15.83502        15.81822        15.80190     
    15.78598        15.77037        15.75502        15.73987     
    15.72487        15.70998        15.69516        15.68040     
    15.66565        15.65090        15.63613        15.62133     
    15.60647        15.59155        15.57656        15.56148     
    15.54631        15.53104        15.51567        15.50018     
    15.48458        15.46886        15.45302        15.43704     
    15.42094        15.40471        15.38835        15.37185     
    15.35521        15.33844        15.32153        15.30448     
    15.28729        15.26997        15.25251        15.23490     
    15.21716        15.19928        15.18126        15.16311     
    15.14481        15.12637        15.10779        15.08920    
    14.06886        14.06886        14.07241        14.07452     
    14.07524        14.07462        14.07269        14.06944     
    14.06487        14.05893        14.05159        14.04278     
    14.03244        14.02049        14.00685        13.99146     
    13.97427        13.95526        13.93447        13.91197     
    13.88789        13.86247        13.83596        13.80870     
    13.78106        13.75339        13.72605        13.69931     
    13.67342        13.64852        13.62469        13.60196     
    13.58030        13.55965        13.53991        13.52101     
    13.50284        13.48530        13.46831        13.45178     
    13.43564        13.41981        13.40424        13.38888     
    13.37368        13.35860        13.34361        13.32868     
    13.31379        13.29890        13.28401        13.26908     
    13.25412        13.23910        13.22402        13.20886     
    13.19361        13.17827        13.16283        13.14728     
    13.13163        13.11586        13.09996        13.08395     
    13.06781        13.05154        13.03514        13.01861     
    13.00195        12.98515        12.96821        12.95114     
    12.93394        12.91659        12.89911        12.88149     
    12.86374        12.84584        12.82781        12.80964     
    12.79134        12.77289        12.75429        12.73570    
    11.68086        11.68086        11.68472        11.68711     
    11.68810        11.68772        11.68602        11.68299     
    11.67863        11.67293        11.66587        11.65740     
    11.64748        11.63607        11.62313        11.60863     
    11.59255        11.57491        11.55574        11.53514     
    11.51322        11.49017        11.46619        11.44154     
    11.41650        11.39133        11.36630        11.34164     
    11.31753        11.29411        11.27147        11.24965     
    11.22866        11.20848        11.18905        11.17031     
    11.15221        11.13467        11.11761        11.10098     
    11.08471        11.06875        11.05303        11.03753     
    11.02218        11.00696        10.99184        10.97678     
    10.96176        10.94676        10.93176        10.91674     
    10.90168        10.88658        10.87141        10.85618     
    10.84086        10.82546        10.80996        10.79436     
    10.77865        10.76283        10.74690        10.73084     
    10.71466        10.69836        10.68193        10.66537     
    10.64868        10.63185        10.61490        10.59781     
    10.58058        10.56322        10.54572        10.52809     
    10.51032        10.49241        10.47437        10.45619     
    10.43787        10.41942        10.40082        10.38222    
    9.294802        9.294802        9.298884        9.301502     
    9.302716        9.302570        9.301095        9.298306     
    9.294209        9.288804        9.282077        9.274011     
    9.264585        9.253779        9.241576        9.227969     
    9.212966        9.196592        9.178901        9.159972     
    9.139918        9.118883        9.097040        9.074584     
    9.051724        9.028672        9.005630        8.982780     
    8.960274        8.938234        8.916748        8.895866     
    8.875613        8.855989        8.836970        8.818524     
    8.800608        8.783171        8.766161        8.749529     
    8.733222        8.717196        8.701404        8.685806     
    8.670366        8.655050        8.639829        8.624674     
    8.609562        8.594471        8.579383        8.564280     
    8.549146        8.533968        8.518735        8.503435     
    8.488059        8.472599        8.457048        8.441399     
    8.425646        8.409784        8.393809        8.377717     
    8.361506        8.345171        8.328711        8.312122     
    8.295406        8.278559        8.261580        8.244470     
    8.227225        8.209846        8.192334        8.174687     
    8.156906        8.138989        8.120936        8.102748     
    8.084422        8.065958        8.047356        8.028752    
    6.910663        6.910663        6.914895        6.917687     
    6.919095        6.919160        6.917914        6.915379     
    6.911567        6.906485        6.900134        6.892510     
    6.883610        6.873427        6.861965        6.849231     
    6.835247        6.820047        6.803687        6.786243     
    6.767813        6.748517        6.728494        6.707901     
    6.686901        6.665660        6.644338        6.623081     
    6.602017        6.581250        6.560860        6.540904     
    6.521413        6.502401        6.483864        6.465786     
    6.448141        6.430896        6.414014        6.397458     
    6.381188        6.365166        6.349356        6.333723     
    6.318235        6.302863        6.287580        6.272360     
    6.257182        6.242025        6.226871        6.211704     
    6.196509        6.181272        6.165982        6.150628     
    6.135201        6.119693        6.104096        6.088404     
    6.072610        6.056710        6.040700        6.024575     
    6.008332        5.991968        5.975481        5.958868     
    5.942128        5.925259        5.908260        5.891130     
    5.873869        5.856476        5.838949        5.821290     
    5.803497        5.785570        5.767508        5.749312     
    5.730980        5.712512        5.693906        5.675300    
    4.528397        4.528397        4.532721        4.535643     
    4.537212        4.537469        4.536446        4.534166     
    4.530648        4.525906        4.519948        4.512784     
    4.504418        4.494860        4.484122        4.472224     
    4.459193        4.445072        4.429914        4.413788     
    4.396782        4.378997        4.360547        4.341557     
    4.322158        4.302485        4.282664        4.262815     
    4.243045        4.223444        4.204084        4.185020     
    4.166289        4.147912        4.129897        4.112238     
    4.094923        4.077934        4.061244        4.044825     
    4.028650        4.012689        3.996911        3.981289     
    3.965795        3.950404        3.935093        3.919838     
    3.904620        3.889420        3.874221        3.859008     
    3.843766        3.828484        3.813149        3.797752     
    3.782283        3.766735        3.751099        3.735370     
    3.719541        3.703608        3.687566        3.671411     
    3.655140        3.638750        3.622238        3.605602     
    3.588841        3.571952        3.554935        3.537788     
    3.520512        3.503104        3.485564        3.467894     
    3.450090        3.432154        3.414085        3.395883     
    3.377547        3.359076        3.340469        3.321862    
    2.147946        2.147946        2.152314        2.155326     
    2.157029        2.157458        2.156644        2.154614     
    2.151390        2.146990        2.141430        2.134724     
    2.126889        2.117939        2.107897        2.096787     
    2.084644        2.071509        2.057434        2.042485     
    2.026736        2.010273        1.993191        1.975595     
    1.957590        1.939285        1.920783        1.902185     
    1.883579        1.865043        1.846641        1.828426     
    1.810436        1.792695        1.775218        1.758008     
    1.741064        1.724373        1.707921        1.691689     
    1.675656        1.659800        1.644097        1.628526     
    1.613063        1.597686        1.582376        1.567113     
    1.551879        1.536658        1.521433        1.506190     
    1.490918        1.475603        1.460235        1.444805     
    1.429303        1.413722        1.398055        1.382295     
    1.366436        1.350475        1.334406        1.318225     
    1.301929        1.285516        1.268982        1.252325     
    1.235544        1.218638        1.201604        1.184442     
    1.167151        1.149730        1.132179        1.114498     
    1.096686        1.078742        1.060667        1.042460     
    1.024121        1.005648       0.9870421       0.9684359    
  -0.2307625      -0.2307625      -0.2263879      -0.2233159     
  -0.2215067      -0.2209260      -0.2215439      -0.2233338     
  -0.2262720      -0.2303366      -0.2355072      -0.2417639     
  -0.2490863      -0.2574520      -0.2668357      -0.2772078     
  -0.2885327      -0.3007682      -0.3138643      -0.3277629     
  -0.3423978      -0.3576952      -0.3735743      -0.3899496     
  -0.4067327      -0.4238346      -0.4411685      -0.4586522     
  -0.4762100      -0.4937747      -0.5112885      -0.5287040     
  -0.5459840      -0.5631013      -0.5800378      -0.5967838     
  -0.6133366      -0.6296994      -0.6458803      -0.6618909     
  -0.6777456      -0.6934606      -0.7090533      -0.7245416     
  -0.7399436      -0.7552769      -0.7705590      -0.7858062     
  -0.8010344      -0.8162583      -0.8314916      -0.8467472     
  -0.8620369      -0.8773715      -0.8927612      -0.9082148     
  -0.9237407      -0.9393463      -0.9550383      -0.9708229     
  -0.9867054       -1.002691       -1.018783       -1.034986     
   -1.051303       -1.067737       -1.084290       -1.100965     
   -1.117763       -1.134686       -1.151735       -1.168911     
   -1.186214       -1.203646       -1.221207       -1.238898     
   -1.256718       -1.274668       -1.292748       -1.310958     
   -1.329299       -1.347771       -1.366375       -1.384979    
   -2.607804       -2.607804       -2.603451       -2.600346     
   -2.598453       -2.597739       -2.598178       -2.599742     
   -2.602407       -2.606148       -2.610944       -2.616771     
   -2.623603       -2.631417       -2.640183       -2.649871     
   -2.660443       -2.671859       -2.684072       -2.697029     
   -2.710672       -2.724936       -2.739753       -2.755051     
   -2.770756       -2.786792       -2.803088       -2.819575     
   -2.836186       -2.852865       -2.869560       -2.886228     
   -2.902833       -2.919348       -2.935752       -2.952033     
   -2.968183       -2.984201       -3.000089       -3.015854     
   -3.031504       -3.047051       -3.062506       -3.077885     
   -3.093200       -3.108466       -3.123698       -3.138909     
   -3.154112       -3.169320       -3.184546       -3.199801     
   -3.215094       -3.230437       -3.245838       -3.261306     
   -3.276847       -3.292470       -3.308180       -3.323983     
   -3.339885       -3.355889       -3.372000       -3.388222     
   -3.404557       -3.421008       -3.437578       -3.454269     
   -3.471082       -3.488019       -3.505081       -3.522269     
   -3.539584       -3.557027       -3.574597       -3.592295     
   -3.610121       -3.628076       -3.646160       -3.664372     
   -3.682714       -3.701185       -3.719785       -3.738386    
   -4.983257       -4.983257       -4.978949       -4.975831     
   -4.973872       -4.973044       -4.973320       -4.974674     
   -4.977082       -4.980518       -4.984958       -4.990377     
   -4.996749       -5.004045       -5.012238       -5.021293     
   -5.031176       -5.041847       -5.053262       -5.065374     
   -5.078130       -5.091475       -5.105349       -5.119691     
   -5.134438       -5.149527       -5.164896       -5.180487     
   -5.196243       -5.212114       -5.228055       -5.244027     
   -5.259995       -5.275934       -5.291822       -5.307645     
   -5.323391       -5.339057       -5.354640       -5.370143     
   -5.385571       -5.400928       -5.416227       -5.431475     
   -5.446682       -5.461862       -5.477025       -5.492181     
   -5.507342       -5.522520       -5.537724       -5.552965     
   -5.568251       -5.583591       -5.598994       -5.614466     
   -5.630016       -5.645648       -5.661370       -5.677186     
   -5.693102       -5.709121       -5.725246       -5.741483     
   -5.757833       -5.774299       -5.790883       -5.807587     
   -5.824414       -5.841363       -5.858437       -5.875636     
   -5.892961       -5.910411       -5.927989       -5.945694     
   -5.963526       -5.981485       -5.999571       -6.017785     
   -6.036125       -6.054594       -6.073189       -6.091784    
   -7.357201       -7.357201       -7.352952       -7.349838     
   -7.347830       -7.346904       -7.347034       -7.348196     
   -7.350364       -7.353514       -7.357621       -7.362659     
   -7.368599       -7.375416       -7.383077       -7.391552     
   -7.400805       -7.410799       -7.421493       -7.432844     
   -7.444806       -7.457330       -7.470363       -7.483853     
   -7.497747       -7.511989       -7.526528       -7.541312     
   -7.556294       -7.571429       -7.586677       -7.602003     
   -7.617374       -7.632767       -7.648160       -7.663537     
   -7.678885       -7.694199       -7.709472       -7.724704     
   -7.739897       -7.755053       -7.770178       -7.785280     
   -7.800365       -7.815442       -7.830520       -7.845607     
   -7.860713       -7.875847       -7.891017       -7.906232     
   -7.921500       -7.936829       -7.952224       -7.967694     
   -7.983244       -7.998880       -8.014608       -8.030432     
   -8.046356       -8.062386       -8.078523       -8.094770     
   -8.111132       -8.127609       -8.144205       -8.160921     
   -8.177758       -8.194718       -8.211802       -8.229011     
   -8.246344       -8.263802       -8.281386       -8.299096     
   -8.316933       -8.334894       -8.352982       -8.371195     
   -8.389534       -8.407998       -8.426588       -8.445177    
   -9.729712       -9.729712       -9.725533       -9.722436     
   -9.720393       -9.719383       -9.719383       -9.720369     
   -9.722317       -9.725202       -9.728999       -9.733683     
   -9.739225       -9.745598       -9.752770       -9.760714     
   -9.769392       -9.778771       -9.788815       -9.799481     
   -9.810730       -9.822517       -9.834799       -9.847528     
   -9.860658       -9.874142       -9.887934       -9.901991     
   -9.916271       -9.930735       -9.945346       -9.960073     
   -9.974889       -9.989767       -10.00469       -10.01964     
   -10.03460       -10.04956       -10.06453       -10.07949     
   -10.09444       -10.10938       -10.12433       -10.13927     
   -10.15422       -10.16918       -10.18417       -10.19917     
   -10.21421       -10.22929       -10.24442       -10.25960     
   -10.27484       -10.29014       -10.30552       -10.32098     
   -10.33653       -10.35216       -10.36789       -10.38372     
   -10.39965       -10.41568       -10.43183       -10.44808     
   -10.46445       -10.48094       -10.49755       -10.51427     
   -10.53112       -10.54809       -10.56518       -10.58239     
   -10.59973       -10.61720       -10.63479       -10.65250     
   -10.67034       -10.68830       -10.70639       -10.72461     
   -10.74294       -10.76140       -10.77998       -10.79857    
   -12.10086       -12.10086       -12.09676       -12.09369     
   -12.09162       -12.09054       -12.09043       -12.09126     
   -12.09300       -12.09564       -12.09916       -12.10351     
   -12.10869       -12.11465       -12.12138       -12.12883     
   -12.13699       -12.14581       -12.15527       -12.16532     
   -12.17593       -12.18705       -12.19866       -12.21071     
   -12.22315       -12.23595       -12.24907       -12.26247     
   -12.27612       -12.28997       -12.30400       -12.31817     
   -12.33247       -12.34687       -12.36134       -12.37588     
   -12.39047       -12.40510       -12.41976       -12.43444     
   -12.44915       -12.46388       -12.47864       -12.49342     
   -12.50823       -12.52307       -12.53794       -12.55286     
   -12.56782       -12.58284       -12.59791       -12.61305     
   -12.62825       -12.64353       -12.65889       -12.67434     
   -12.68987       -12.70550       -12.72122       -12.73704     
   -12.75297       -12.76901       -12.78516       -12.80142     
   -12.81780       -12.83429       -12.85090       -12.86764     
   -12.88449       -12.90147       -12.91856       -12.93579     
   -12.95313       -12.97060       -12.98820       -13.00591     
   -13.02375       -13.04172       -13.05981       -13.07802     
   -13.09635       -13.11480       -13.13338       -13.15195    
   -14.47073       -14.47073       -14.46671       -14.46367     
   -14.46159       -14.46045       -14.46023       -14.46091     
   -14.46248       -14.46490       -14.46815       -14.47220     
   -14.47704       -14.48263       -14.48895       -14.49597     
   -14.50365       -14.51197       -14.52089       -14.53038     
   -14.54041       -14.55095       -14.56195       -14.57338     
   -14.58521       -14.59740       -14.60992       -14.62272     
   -14.63579       -14.64908       -14.66257       -14.67624     
   -14.69006       -14.70401       -14.71806       -14.73221     
   -14.74644       -14.76075       -14.77511       -14.78953     
   -14.80400       -14.81852       -14.83308       -14.84770     
   -14.86236       -14.87707       -14.89183       -14.90665     
   -14.92153       -14.93648       -14.95149       -14.96658     
   -14.98174       -14.99699       -15.01232       -15.02774     
   -15.04326       -15.05887       -15.07459       -15.09041     
   -15.10633       -15.12237       -15.13852       -15.15478     
   -15.17116       -15.18766       -15.20428       -15.22102     
   -15.23788       -15.25486       -15.27196       -15.28919     
   -15.30654       -15.32401       -15.34161       -15.35933     
   -15.37717       -15.39514       -15.41322       -15.43143     
   -15.44976       -15.46821       -15.48677       -15.50534    
   -16.83936       -16.83936       -16.83543       -16.83242     
   -16.83034       -16.82915       -16.82884       -16.82940     
   -16.83080       -16.83301       -16.83602       -16.83981     
   -16.84434       -16.84959       -16.85554       -16.86215     
   -16.86940       -16.87727       -16.88571       -16.89470     
   -16.90421       -16.91422       -16.92467       -16.93555     
   -16.94683       -16.95847       -16.97043       -16.98270     
   -16.99524       -17.00803       -17.02103       -17.03423     
   -17.04761       -17.06113       -17.07480       -17.08858     
   -17.10248       -17.11647       -17.13055       -17.14471     
   -17.15895       -17.17325       -17.18763       -17.20207     
   -17.21658       -17.23116       -17.24581       -17.26053     
   -17.27532       -17.29019       -17.30514       -17.32017     
   -17.33529       -17.35050       -17.36580       -17.38120     
   -17.39669       -17.41229       -17.42799       -17.44381     
   -17.45973       -17.47576       -17.49191       -17.50817     
   -17.52455       -17.54105       -17.55767       -17.57441     
   -17.59128       -17.60826       -17.62537       -17.64260     
   -17.65996       -17.67743       -17.69503       -17.71275     
   -17.73059       -17.74856       -17.76664       -17.78485     
   -17.80317       -17.82161       -17.84017       -17.85872    
   -19.20684       -19.20684       -19.20298       -19.20002     
   -19.19793       -19.19670       -19.19632       -19.19676     
   -19.19801       -19.20004       -19.20284       -19.20638     
   -19.21063       -19.21557       -19.22118       -19.22743     
   -19.23429       -19.24174       -19.24975       -19.25830     
   -19.26734       -19.27686       -19.28683       -19.29722     
   -19.30799       -19.31913       -19.33061       -19.34239     
   -19.35446       -19.36678       -19.37934       -19.39211     
   -19.40507       -19.41821       -19.43151       -19.44496     
   -19.45853       -19.47223       -19.48604       -19.49995     
   -19.51396       -19.52806       -19.54225       -19.55653     
   -19.57089       -19.58533       -19.59986       -19.61448     
   -19.62918       -19.64398       -19.65886       -19.67383     
   -19.68890       -19.70407       -19.71933       -19.73470     
   -19.75017       -19.76575       -19.78144       -19.79724     
   -19.81315       -19.82918       -19.84532       -19.86158     
   -19.87796       -19.89446       -19.91108       -19.92783     
   -19.94469       -19.96168       -19.97879       -19.99603     
   -20.01338       -20.03086       -20.04846       -20.06618     
   -20.08402       -20.10199       -20.12007       -20.13827     
   -20.15659       -20.17502       -20.19356       -20.21211    
   -21.57320       -21.57320       -21.56943       -21.56650     
   -21.56442       -21.56316       -21.56270       -21.56305     
   -21.56416       -21.56603       -21.56863       -21.57194     
   -21.57594       -21.58061       -21.58592       -21.59184     
   -21.59835       -21.60543       -21.61305       -21.62119     
   -21.62981       -21.63890       -21.64843       -21.65837     
   -21.66870       -21.67939       -21.69042       -21.70176     
   -21.71340       -21.72530       -21.73745       -21.74983     
   -21.76242       -21.77521       -21.78817       -21.80129     
   -21.81457       -21.82799       -21.84154       -21.85521     
   -21.86901       -21.88291       -21.89692       -21.91103     
   -21.92525       -21.93956       -21.95398       -21.96849     
   -21.98310       -21.99781       -22.01262       -22.02754     
   -22.04255       -22.05767       -22.07290       -22.08824     
   -22.10368       -22.11924       -22.13491       -22.15070     
   -22.16660       -22.18262       -22.19875       -22.21501     
   -22.23139       -22.24789       -22.26451       -22.28125     
   -22.29812       -22.31511       -22.33222       -22.34946     
   -22.36682       -22.38430       -22.40190       -22.41962     
   -22.43746       -22.45542       -22.47350       -22.49170     
   -22.51001       -22.52843       -22.54697       -22.56550    
   -23.93851       -23.93851       -23.93481       -23.93192     
   -23.92985       -23.92856       -23.92805       -23.92830     
   -23.92930       -23.93102       -23.93344       -23.93656     
   -23.94033       -23.94474       -23.94978       -23.95540     
   -23.96160       -23.96834       -23.97561       -23.98339     
   -23.99163       -24.00034       -24.00947       -24.01901     
   -24.02894       -24.03923       -24.04986       -24.06080     
   -24.07205       -24.08357       -24.09535       -24.10737     
   -24.11962       -24.13208       -24.14473       -24.15756     
   -24.17056       -24.18372       -24.19703       -24.21048     
   -24.22406       -24.23778       -24.25161       -24.26557     
   -24.27964       -24.29383       -24.30813       -24.32254     
   -24.33706       -24.35169       -24.36643       -24.38128     
   -24.39624       -24.41132       -24.42651       -24.44181     
   -24.45723       -24.47276       -24.48841       -24.50418     
   -24.52007       -24.53608       -24.55221       -24.56846     
   -24.58484       -24.60133       -24.61795       -24.63470     
   -24.65156       -24.66855       -24.68567       -24.70290     
   -24.72026       -24.73774       -24.75534       -24.77306     
   -24.79090       -24.80886       -24.82694       -24.84513     
   -24.86343       -24.88185       -24.90037       -24.91890    
   -26.30280       -26.30280       -26.29918       -26.29633     
   -26.29426       -26.29295       -26.29239       -26.29257     
   -26.29346       -26.29505       -26.29732       -26.30025     
   -26.30382       -26.30800       -26.31279       -26.31815     
   -26.32407       -26.33051       -26.33747       -26.34491     
   -26.35283       -26.36118       -26.36996       -26.37915     
   -26.38871       -26.39864       -26.40891       -26.41950     
   -26.43039       -26.44157       -26.45301       -26.46471     
   -26.47665       -26.48880       -26.50117       -26.51373     
   -26.52647       -26.53939       -26.55247       -26.56571     
   -26.57910       -26.59264       -26.60631       -26.62012     
   -26.63405       -26.64812       -26.66231       -26.67661     
   -26.69105       -26.70560       -26.72027       -26.73506     
   -26.74997       -26.76500       -26.78014       -26.79541     
   -26.81080       -26.82631       -26.84194       -26.85769     
   -26.87357       -26.88956       -26.90569       -26.92193     
   -26.93830       -26.95479       -26.97141       -26.98816     
   -27.00502       -27.02201       -27.03912       -27.05636     
   -27.07372       -27.09120       -27.10880       -27.12652     
   -27.14436       -27.16231       -27.18038       -27.19857     
   -27.21687       -27.23527       -27.25379       -27.27230    
   -28.66613       -28.66613       -28.66257       -28.65976     
   -28.65770       -28.65638       -28.65577       -28.65588     
   -28.65667       -28.65815       -28.66028       -28.66305     
   -28.66643       -28.67042       -28.67499       -28.68011     
   -28.68577       -28.69195       -28.69863       -28.70578     
   -28.71339       -28.72144       -28.72991       -28.73877     
   -28.74801       -28.75762       -28.76756       -28.77783     
   -28.78841       -28.79928       -28.81042       -28.82183     
   -28.83348       -28.84536       -28.85746       -28.86977     
   -28.88228       -28.89498       -28.90785       -28.92090     
   -28.93411       -28.94748       -28.96099       -28.97466     
   -28.98846       -29.00241       -29.01649       -29.03071     
   -29.04505       -29.05952       -29.07413       -29.08886     
   -29.10371       -29.11869       -29.13380       -29.14904     
   -29.16439       -29.17988       -29.19549       -29.21122     
   -29.22708       -29.24307       -29.25918       -29.27542     
   -29.29178       -29.30827       -29.32489       -29.34163     
   -29.35849       -29.37548       -29.39259       -29.40983     
   -29.42719       -29.44466       -29.46226       -29.47998     
   -29.49782       -29.51577       -29.53384       -29.55202     
   -29.57031       -29.58871       -29.60721       -29.62572    
   -31.02852       -31.02852       -31.02502       -31.02225     
   -31.02020       -31.01887       -31.01822       -31.01827     
   -31.01898       -31.02035       -31.02236       -31.02498     
   -31.02821       -31.03202       -31.03639       -31.04130     
   -31.04674       -31.05268       -31.05911       -31.06600     
   -31.07335       -31.08112       -31.08930       -31.09788     
   -31.10684       -31.11615       -31.12581       -31.13580     
   -31.14609       -31.15668       -31.16755       -31.17870     
   -31.19009       -31.20173       -31.21359       -31.22568     
   -31.23797       -31.25047       -31.26315       -31.27602     
   -31.28906       -31.30227       -31.31564       -31.32918     
   -31.34286       -31.35670       -31.37067       -31.38480     
   -31.39906       -31.41346       -31.42800       -31.44267     
   -31.45747       -31.47241       -31.48748       -31.50268     
   -31.51801       -31.53346       -31.54905       -31.56477     
   -31.58061       -31.59659       -31.61269       -31.62892     
   -31.64528       -31.66176       -31.67837       -31.69511     
   -31.71197       -31.72896       -31.74607       -31.76331     
   -31.78066       -31.79814       -31.81574       -31.83345     
   -31.85129       -31.86924       -31.88730       -31.90547     
   -31.92376       -31.94215       -31.96065       -31.97914    
   -33.39001       -33.39001       -33.38657       -33.38384     
   -33.38180       -33.38045       -33.37978       -33.37977     
   -33.38041       -33.38169       -33.38359       -33.38609     
   -33.38917       -33.39282       -33.39702       -33.40174     
   -33.40698       -33.41272       -33.41892       -33.42559     
   -33.43269       -33.44022       -33.44816       -33.45649     
   -33.46519       -33.47425       -33.48365       -33.49339     
   -33.50343       -33.51377       -33.52440       -33.53531     
   -33.54647       -33.55789       -33.56954       -33.58142     
   -33.59352       -33.60583       -33.61834       -33.63104     
   -33.64393       -33.65700       -33.67024       -33.68365     
   -33.69723       -33.71096       -33.72484       -33.73888     
   -33.75307       -33.76740       -33.78187       -33.79649     
   -33.81124       -33.82614       -33.84117       -33.85633     
   -33.87163       -33.88707       -33.90263       -33.91833     
   -33.93416       -33.95012       -33.96621       -33.98244     
   -33.99879       -34.01527       -34.03187       -34.04861     
   -34.06547       -34.08245       -34.09956       -34.11679     
   -34.13415       -34.15163       -34.16922       -34.18694     
   -34.20477       -34.22271       -34.24077       -34.25894     
   -34.27722       -34.29560       -34.31409       -34.33258    
   -35.75064       -35.75064       -35.74725       -35.74454     
   -35.74252       -35.74116       -35.74046       -35.74041     
   -35.74099       -35.74218       -35.74398       -35.74637     
   -35.74933       -35.75285       -35.75689       -35.76146     
   -35.76652       -35.77207       -35.77808       -35.78455     
   -35.79145       -35.79876       -35.80648       -35.81459     
   -35.82307       -35.83190       -35.84108       -35.85059     
   -35.86041       -35.87054       -35.88095       -35.89165     
   -35.90261       -35.91383       -35.92529       -35.93699     
   -35.94892       -35.96106       -35.97342       -35.98597     
   -35.99872       -36.01166       -36.02478       -36.03808     
   -36.05155       -36.06519       -36.07898       -36.09295     
   -36.10706       -36.12132       -36.13574       -36.15031     
   -36.16502       -36.17987       -36.19486       -36.21000     
   -36.22527       -36.24068       -36.25623       -36.27191     
   -36.28772       -36.30367       -36.31975       -36.33596     
   -36.35231       -36.36878       -36.38538       -36.40211     
   -36.41897       -36.43596       -36.45306       -36.47029     
   -36.48765       -36.50512       -36.52272       -36.54043     
   -36.55826       -36.57620       -36.59425       -36.61242     
   -36.63069       -36.64907       -36.66755       -36.68602    
   -38.11042       -38.11042       -38.10708       -38.10440     
   -38.10239       -38.10102       -38.10030       -38.10020     
   -38.10073       -38.10186       -38.10358       -38.10587     
   -38.10872       -38.11211       -38.11603       -38.12045     
   -38.12536       -38.13075       -38.13660       -38.14289     
   -38.14961       -38.15674       -38.16427       -38.17218     
   -38.18047       -38.18911       -38.19809       -38.20740     
   -38.21703       -38.22697       -38.23719       -38.24771     
   -38.25849       -38.26954       -38.28083       -38.29237     
   -38.30414       -38.31614       -38.32836       -38.34078     
   -38.35341       -38.36623       -38.37924       -38.39244     
   -38.40582       -38.41937       -38.43309       -38.44698     
   -38.46103       -38.47523       -38.48960       -38.50412     
   -38.51878       -38.53360       -38.54856       -38.56366     
   -38.57891       -38.59430       -38.60983       -38.62549     
   -38.64129       -38.65723       -38.67330       -38.68951     
   -38.70584       -38.72231       -38.73891       -38.75563     
   -38.77249       -38.78947       -38.80658       -38.82381     
   -38.84116       -38.85863       -38.87622       -38.89393     
   -38.91176       -38.92970       -38.94775       -38.96591     
   -38.98417       -39.00254       -39.02102       -39.03949    
   -40.46938       -40.46938       -40.46608       -40.46343     
   -40.46142       -40.46005       -40.45931       -40.45918     
   -40.45966       -40.46073       -40.46238       -40.46459     
   -40.46735       -40.47063       -40.47444       -40.47874     
   -40.48352       -40.48878       -40.49448       -40.50062     
   -40.50718       -40.51416       -40.52153       -40.52927     
   -40.53739       -40.54586       -40.55468       -40.56382     
   -40.57328       -40.58305       -40.59312       -40.60348     
   -40.61411       -40.62500       -40.63615       -40.64755     
   -40.65919       -40.67106       -40.68315       -40.69546     
   -40.70798       -40.72070       -40.73362       -40.74673     
   -40.76003       -40.77350       -40.78715       -40.80098     
   -40.81496       -40.82912       -40.84344       -40.85791     
   -40.87254       -40.88732       -40.90225       -40.91733     
   -40.93255       -40.94792       -40.96343       -40.97908     
   -40.99487       -41.01080       -41.02686       -41.04306     
   -41.05939       -41.07585       -41.09244       -41.10917     
   -41.12602       -41.14300       -41.16010       -41.17733     
   -41.19468       -41.21215       -41.22974       -41.24745     
   -41.26527       -41.28321       -41.30125       -41.31941     
   -41.33767       -41.35603       -41.37450       -41.39296    
   -42.82755       -42.82755       -42.82428       -42.82165     
   -42.81965       -42.81827       -42.81751       -42.81736     
   -42.81780       -42.81882       -42.82041       -42.82255     
   -42.82523       -42.82843       -42.83214       -42.83634     
   -42.84101       -42.84615       -42.85173       -42.85775     
   -42.86418       -42.87102       -42.87825       -42.88586     
   -42.89384       -42.90217       -42.91084       -42.91984     
   -42.92916       -42.93880       -42.94873       -42.95895     
   -42.96944       -42.98021       -42.99124       -43.00252     
   -43.01405       -43.02581       -43.03780       -43.05001     
   -43.06243       -43.07507       -43.08790       -43.10094     
   -43.11416       -43.12757       -43.14116       -43.15493     
   -43.16887       -43.18298       -43.19725       -43.21169     
   -43.22628       -43.24103       -43.25594       -43.27099     
   -43.28619       -43.30154       -43.31704       -43.33268     
   -43.34845       -43.36437       -43.38042       -43.39661     
   -43.41294       -43.42940       -43.44599       -43.46271     
   -43.47956       -43.49653       -43.51363       -43.53086     
   -43.54821       -43.56568       -43.58327       -43.60098     
   -43.61879       -43.63673       -43.65477       -43.67292     
   -43.69118       -43.70954       -43.72799       -43.74645    
   -45.18493       -45.18493       -45.18169       -45.17908     
   -45.17708       -45.17570       -45.17493       -45.17475     
   -45.17516       -45.17614       -45.17768       -45.17976     
   -45.18238       -45.18551       -45.18914       -45.19326     
   -45.19784       -45.20288       -45.20837       -45.21428     
   -45.22061       -45.22734       -45.23446       -45.24195     
   -45.24981       -45.25802       -45.26658       -45.27546     
   -45.28467       -45.29419       -45.30400       -45.31411     
   -45.32450       -45.33517       -45.34609       -45.35727     
   -45.36870       -45.38037       -45.39228       -45.40440     
   -45.41675       -45.42931       -45.44208       -45.45505     
   -45.46822       -45.48157       -45.49511       -45.50883     
   -45.52273       -45.53680       -45.55104       -45.56544     
   -45.58001       -45.59473       -45.60962       -45.62465     
   -45.63984       -45.65517       -45.67065       -45.68628     
   -45.70204       -45.71795       -45.73400       -45.75018     
   -45.76650       -45.78296       -45.79954       -45.81626     
   -45.83311       -45.85008       -45.86718       -45.88440     
   -45.90175       -45.91922       -45.93681       -45.95451     
   -45.97233       -45.99026       -46.00830       -46.02645     
   -46.04470       -46.06306       -46.08151       -46.09996    
   -47.54156       -47.54156       -47.53834       -47.53573     
   -47.53374       -47.53235       -47.53156       -47.53136     
   -47.53174       -47.53269       -47.53419       -47.53624     
   -47.53880       -47.54188       -47.54545       -47.54950     
   -47.55401       -47.55898       -47.56439       -47.57022     
   -47.57646       -47.58310       -47.59013       -47.59754     
   -47.60530       -47.61343       -47.62189       -47.63068     
   -47.63980       -47.64922       -47.65895       -47.66897     
   -47.67928       -47.68985       -47.70070       -47.71180     
   -47.72316       -47.73475       -47.74659       -47.75865     
   -47.77094       -47.78344       -47.79615       -47.80907     
   -47.82219       -47.83549       -47.84900       -47.86268     
   -47.87654       -47.89058       -47.90479       -47.91917     
   -47.93371       -47.94842       -47.96328       -47.97830     
   -47.99347       -48.00879       -48.02426       -48.03988     
   -48.05563       -48.07154       -48.08758       -48.10376     
   -48.12007       -48.13652       -48.15311       -48.16982     
   -48.18666       -48.20364       -48.22073       -48.23796     
   -48.25531       -48.27277       -48.29036       -48.30806     
   -48.32588       -48.34381       -48.36184       -48.37999     
   -48.39824       -48.41659       -48.43504       -48.45348    
   -49.89744       -49.89744       -49.89423       -49.89162     
   -49.88962       -49.88822       -49.88742       -49.88721     
   -49.88757       -49.88850       -49.88997       -49.89198     
   -49.89451       -49.89754       -49.90107       -49.90507     
   -49.90953       -49.91445       -49.91980       -49.92557     
   -49.93175       -49.93832       -49.94529       -49.95263     
   -49.96033       -49.96838       -49.97677       -49.98550     
   -49.99454       -50.00390       -50.01357       -50.02352     
   -50.03376       -50.04427       -50.05506       -50.06610     
   -50.07740       -50.08894       -50.10073       -50.11274     
   -50.12498       -50.13744       -50.15011       -50.16299     
   -50.17607       -50.18934       -50.20281       -50.21646     
   -50.23030       -50.24432       -50.25851       -50.27287     
   -50.28739       -50.30208       -50.31693       -50.33194     
   -50.34710       -50.36241       -50.37787       -50.39347     
   -50.40923       -50.42513       -50.44116       -50.45734     
   -50.47365       -50.49010       -50.50668       -50.52339     
   -50.54023       -50.55721       -50.57430       -50.59152     
   -50.60887       -50.62634       -50.64392       -50.66162     
   -50.67944       -50.69736       -50.71540       -50.73354     
   -50.75179       -50.77014       -50.78858       -50.80702    
   -52.25260       -52.25260       -52.24937       -52.24674     
   -52.24473       -52.24332       -52.24252       -52.24229     
   -52.24264       -52.24355       -52.24501       -52.24700     
   -52.24951       -52.25252       -52.25601       -52.25998     
   -52.26441       -52.26929       -52.27460       -52.28033     
   -52.28647       -52.29300       -52.29992       -52.30722     
   -52.31487       -52.32288       -52.33123       -52.33990     
   -52.34891       -52.35822       -52.36784       -52.37775     
   -52.38795       -52.39842       -52.40916       -52.42017     
   -52.43143       -52.44294       -52.45469       -52.46667     
   -52.47887       -52.49130       -52.50394       -52.51680     
   -52.52985       -52.54311       -52.55656       -52.57019     
   -52.58401       -52.59801       -52.61218       -52.62653     
   -52.64104       -52.65572       -52.67056       -52.68556     
   -52.70071       -52.71602       -52.73147       -52.74708     
   -52.76283       -52.77872       -52.79475       -52.81092     
   -52.82723       -52.84368       -52.86026       -52.87697     
   -52.89381       -52.91078       -52.92788       -52.94510     
   -52.96244       -52.97991       -52.99749       -53.01519     
   -53.03301       -53.05093       -53.06897       -53.08711     
   -53.10536       -53.12370       -53.14214       -53.16058    
   -54.60708       -54.60708       -54.60376       -54.60110     
   -54.59907       -54.59766       -54.59684       -54.59662     
   -54.59697       -54.59787       -54.59932       -54.60130     
   -54.60380       -54.60680       -54.61028       -54.61423     
   -54.61865       -54.62350       -54.62880       -54.63451     
   -54.64063       -54.64714       -54.65404       -54.66131     
   -54.66894       -54.67693       -54.68525       -54.69391     
   -54.70289       -54.71218       -54.72177       -54.73166     
   -54.74184       -54.75229       -54.76302       -54.77400     
   -54.78524       -54.79673       -54.80846       -54.82043     
   -54.83262       -54.84504       -54.85767       -54.87050     
   -54.88355       -54.89679       -54.91023       -54.92385     
   -54.93766       -54.95166       -54.96582       -54.98016     
   -54.99467       -55.00934       -55.02418       -55.03917     
   -55.05432       -55.06962       -55.08508       -55.10067     
   -55.11642       -55.13231       -55.14834       -55.16451     
   -55.18082       -55.19727       -55.21385       -55.23056     
   -55.24740       -55.26437       -55.28146       -55.29868     
   -55.31603       -55.33349       -55.35108       -55.36878     
   -55.38659       -55.40452       -55.42255       -55.44069     
   -55.45894       -55.47728       -55.49572       -55.51416    
   -54.60708       -54.60708       -54.60376       -54.60110     
   -54.59907       -54.59766       -54.59684       -54.59662     
   -54.59697       -54.59787       -54.59932       -54.60130     
   -54.60380       -54.60680       -54.61028       -54.61423     
   -54.61865       -54.62350       -54.62880       -54.63451     
   -54.64063       -54.64714       -54.65404       -54.66131     
   -54.66894       -54.67693       -54.68525       -54.69391     
   -54.70289       -54.71218       -54.72177       -54.73166     
   -54.74184       -54.75229       -54.76302       -54.77400     
   -54.78524       -54.79673       -54.80846       -54.82043     
   -54.83262       -54.84504       -54.85767       -54.87050     
   -54.88355       -54.89679       -54.91023       -54.92385     
   -54.93766       -54.95166       -54.96582       -54.98016     
   -54.99467       -55.00934       -55.02418       -55.03917     
   -55.05432       -55.06962       -55.08508       -55.10067     
   -55.11642       -55.13231       -55.14834       -55.16451     
   -55.18082       -55.19727       -55.21385       -55.23056     
   -55.24740       -55.26437       -55.28146       -55.29868     
   -55.31603       -55.33349       -55.35108       -55.36878     
   -55.38659       -55.40452       -55.42255       -55.44069     
   -55.45894       -55.47728       -55.49572       -55.51416    
