    0.000000        0.000000        0.000000        0.000000     
    0.000000        0.000000        0.000000        0.000000     
    0.000000        0.000000        0.000000        0.000000     
    0.000000        0.000000        0.000000        0.000000     
    0.000000        0.000000        0.000000        0.000000     
    0.000000        0.000000        0.000000        0.000000     
    0.000000        0.000000        0.000000        0.000000     
    0.000000        0.000000        0.000000        0.000000     
    0.000000        0.000000        0.000000        0.000000     
    0.000000        0.000000        0.000000        0.000000     
    0.000000        0.000000        0.000000        0.000000     
    0.000000        0.000000        0.000000        0.000000     
    0.000000        0.000000        0.000000        0.000000     
    0.000000        0.000000        0.000000        0.000000     
    0.000000        0.000000        0.000000        0.000000     
    0.000000        0.000000        0.000000        0.000000     
    0.000000        0.000000        0.000000        0.000000     
    0.000000        0.000000        0.000000        0.000000     
    0.000000        0.000000        0.000000        0.000000     
    0.000000        0.000000        0.000000        0.000000     
    0.000000        0.000000        0.000000        0.000000    
    0.000000       2.4945643E-03   4.6410030E-03   6.4776447E-03 
   8.0460198E-03   9.3938168E-03   1.0576387E-02   1.1652459E-02 
   1.2678171E-02   1.3701122E-02   1.4754966E-02   1.5854228E-02 
   1.6988823E-02   1.8117905E-02   1.9163555E-02   2.0006023E-02 
   2.0483667E-02   2.0401884E-02   1.9555358E-02   1.7765945E-02 
   1.4933603E-02   1.1089844E-02   6.4337919E-03   1.3244019E-03 
   4.9155229E-04   4.0746594E-04   4.2783341E-04   4.4043042E-04 
   4.3174718E-04   4.0626660E-04   3.7065035E-04   3.3046867E-04 
   2.8966580E-04   2.5072927E-04   2.1503342E-04   1.8318080E-04 
   1.5528178E-04   1.3116011E-04   1.1049180E-04   9.2893017E-05 
   7.7972472E-05   6.5360342E-05   5.4722012E-05   4.5762612E-05 
   3.8226561E-05   3.1894528E-05   2.6579488E-05   2.2122576E-05 
   1.8389159E-05   1.5265276E-05   1.2654511E-05   1.0475331E-05 
   8.6587988E-06   7.1466557E-06   5.8896862E-06   4.8463412E-06 
   3.9815677E-06   3.2658183E-06   2.6742130E-06   2.1858282E-06 
   1.7830936E-06   1.4512796E-06   1.1780623E-06   9.5315221E-07 
   7.6797960E-07   6.1542761E-07   4.8960641E-07   3.8566310E-07 
   2.9962254E-07   2.2825553E-07   1.6897103E-07   1.1972941E-07 
   7.8973876E-08   4.5575842E-08   1.8787999E-08  -1.8060238E-09 
  -1.6362630E-08  -2.4892291E-08  -2.7438384E-08  -2.4325823E-08 
  -1.6442453E-08  -5.4873399E-09   5.4630487E-09   5.4630487E-09
    0.000000       7.4128662E-03   1.3830487E-02   1.9322712E-02 
   2.4008935E-02   2.8033076E-02   3.1562179E-02   3.4773167E-02 
   3.7835274E-02   4.0892556E-02   4.4047937E-02   4.7347888E-02 
   5.0766025E-02   5.4184455E-02   5.7374176E-02   5.9979383E-02 
   6.1515078E-02   6.1390851E-02   5.8974627E-02   5.3705163E-02 
   4.5248542E-02   3.3670451E-02   1.9564848E-02   4.0519717E-03 
   1.5336125E-03   1.2795315E-03   1.3335068E-03   1.3596349E-03 
   1.3210120E-03   1.2335591E-03   1.1182899E-03   9.9197275E-04 
   8.6601800E-04   7.4732059E-04   6.3947157E-04   5.4385467E-04 
   4.6049579E-04   3.8866207E-04   3.2725465E-04   2.7504913E-04 
   2.3083415E-04   1.9348405E-04   1.6199113E-04   1.3547346E-04 
   1.1317004E-04   9.4429808E-05   7.8698606E-05   6.5506261E-05 
   5.4454526E-05   4.5206376E-05   3.7476708E-05   3.1024385E-05 
   2.5645501E-05   2.1167703E-05   1.7445369E-05   1.4355533E-05 
   1.1794439E-05   9.6746153E-06   7.9224019E-06   6.4758437E-06 
   5.2829146E-06   4.2999955E-06   3.4905893E-06   2.8242225E-06 
   2.2755139E-06   1.8233849E-06   1.4503900E-06   1.1421549E-06 
   8.8690479E-07   6.7507409E-07   4.9898773E-07   3.5260481E-07 
   2.3131750E-07   1.3179300E-07   5.1841116E-08  -9.7250981E-09 
  -5.3287657E-08  -7.8753082E-08  -8.6088406E-08  -7.6096470E-08 
  -5.1334652E-08  -1.6969624E-08   1.7388102E-08   1.7388102E-08
    0.000000       1.2172814E-02   2.2765264E-02   3.1837590E-02 
   3.9575271E-02   4.6215206E-02   5.2035015E-02   5.7329662E-02 
   6.2382486E-02   6.7436807E-02   7.2670110E-02   7.8169174E-02 
   8.3903119E-02   8.9691877E-02   9.5171653E-02   9.9764504E-02 
   0.1026668       0.1028783       9.9295579E-02   9.0892307E-02 
   7.6987453E-02   5.7571098E-02   3.3595596E-02   7.0627443E-03 
   2.7831735E-03   2.3417652E-03   2.3979240E-03   2.3955221E-03 
   2.2852898E-03   2.1012982E-03   1.8810678E-03   1.6519564E-03 
   1.4310640E-03   1.2277259E-03   1.0460536E-03   8.8693004E-04 
   7.4940943E-04   6.3162972E-04   5.3137221E-04   4.4638081E-04 
   3.7453044E-04   3.1390402E-04   2.6281708E-04   2.1981346E-04 
   1.8364676E-04   1.5325617E-04   1.2774186E-04   1.0634171E-04 
   8.8410838E-05   7.3403644E-05   6.0858561E-05   5.0385133E-05 
   4.1653071E-05   3.4383087E-05   2.8339115E-05   2.3321743E-05 
   1.9162660E-05   1.5719930E-05   1.2874005E-05   1.0524320E-05 
   8.5864094E-06   6.9894531E-06   5.6741842E-06   4.5911142E-06 
   3.6990223E-06   2.9636717E-06   2.3567261E-06   1.8548349E-06 
   1.4388698E-06   1.0932901E-06   8.0562592E-07   5.6606495E-07 
   3.6713084E-07   2.0343903E-07   7.1502846E-08  -3.0458391E-08 
  -1.0279865E-07  -1.4494476E-07  -1.5627711E-07  -1.3751257E-07 
  -9.2497167E-08  -3.0048803E-08   3.2454007E-08   3.2454007E-08
    0.000000       1.6723242E-02   3.1308524E-02   4.3813590E-02 
   5.4480109E-02   6.3629560E-02   7.1644455E-02   7.8934491E-02 
   8.5896470E-02   9.2875719E-02   0.1001314       0.1078032     
   0.1158750       0.1241307       0.1321029       0.1390235     
   0.1437925       0.1449952       0.1410017       0.1301892     
   0.1113140       8.4032156E-02   4.9487155E-02   1.0707987E-02 
   4.4848509E-03   3.7825871E-03   3.7519948E-03   3.6269235E-03 
   3.3634640E-03   3.0215727E-03   2.6551664E-03   2.2984066E-03 
   1.9694772E-03   1.6761110E-03   1.4198883E-03   1.1990935E-03 
   1.0104661E-03   8.5020950E-04   7.1453489E-04   5.9992733E-04 
   5.0325383E-04   4.2178604E-04   3.5318133E-04   2.9544494E-04 
   2.4688619E-04   2.0607519E-04   1.7180348E-04   1.4304979E-04 
   1.1895061E-04   9.8775512E-05   8.1906357E-05   6.7819972E-05 
   5.6073575E-05   4.6292484E-05   3.8159818E-05   3.1407748E-05 
   2.5810108E-05   2.1176096E-05   1.7344953E-05   1.4181419E-05 
   1.1571861E-05   9.4209854E-06   7.6490360E-06   6.1894043E-06 
   4.9866044E-06   3.9945467E-06   3.1750810E-06   2.4967678E-06 
   1.9338481E-06   1.4653917E-06   1.0746020E-06   7.4826352E-07 
   4.7631980E-07   2.5156663E-07   6.9435920E-08  -7.2186900E-08 
  -1.7323586E-07  -2.3203526E-07  -2.4646295E-07  -2.1604079E-07 
  -1.4502629E-07  -4.6068237E-08   5.3305897E-08   5.3305897E-08
    0.000000       2.0994185E-02   3.9328460E-02   5.5060416E-02 
   6.8480968E-02   7.9987168E-02   9.0058208E-02   9.9212378E-02 
   0.1079568       0.1167400       0.1259095       0.1356726     
   0.1460520       0.1568313       0.1674876       0.1771196     
   0.1843879       0.1874984       0.1842705       0.1723447     
   0.1495966       0.1148384       6.8870649E-02   1.5703324E-02 
   7.0903338E-03   5.8835638E-03   5.5478946E-03   5.1167230E-03 
   4.5650895E-03   3.9771395E-03   3.4130933E-03   2.9024535E-03 
   2.4550005E-03   2.0701382E-03   1.7425836E-03   1.4654225E-03 
   1.2316139E-03   1.0346583E-03   8.6883688E-04   7.2924368E-04 
   6.1172532E-04   5.1278819E-04   4.2950077E-04   3.5940387E-04 
   3.0043270E-04   2.5085078E-04   2.0919503E-04   1.7423075E-04 
   1.4491421E-04   1.2036218E-04   9.9826648E-05   8.2673934E-05 
   6.8367190E-05   5.6451729E-05   4.6542693E-05   3.8314542E-05 
   3.1492193E-05   2.5843470E-05   2.1172664E-05   1.7315051E-05 
   1.4132212E-05   1.1508043E-05   9.3453518E-06   7.5629564E-06 
   6.0932193E-06   4.8799529E-06   3.8766420E-06   3.0449471E-06 
   2.3534515E-06   1.7766216E-06   1.2939596E-06   8.8933433E-07 
   5.5047963E-07   2.6865317E-07   3.8443488E-08  -1.4231458E-07 
  -2.7266805E-07  -3.4900108E-07  -3.6629137E-07  -3.2093149E-07 
  -2.1572130E-07  -6.6927527E-08   8.3706439E-08   8.3706439E-08
    0.000000       2.4918273E-02   4.6702269E-02   6.5405481E-02 
   8.1359215E-02   9.5025688E-02   0.1069703       0.1178107     
   0.1281581       0.1385616       0.1494611       0.1611437     
   0.1736953       0.1869393       0.2003579       0.2130002     
   0.2233914       0.2294689       0.2285802       0.2175910     
   0.1931853       0.1525357       9.4752915E-02   2.3770485E-02 
   1.1453860E-02   9.0325279E-03   7.9179462E-03   6.8643102E-03 
   5.8336239E-03   4.8984471E-03   4.0916330E-03   3.4132302E-03 
   2.8490247E-03   2.3812582E-03   1.9931693E-03   1.6704239E-03 
   1.4012501E-03   1.1761332E-03   9.8741229E-04   8.2890544E-04 
   6.9559540E-04   5.8338157E-04   4.8888719E-04   4.0931240E-04 
   3.4232155E-04   2.8595669E-04   2.3856996E-04   1.9877027E-04 
   1.6538067E-04   1.3740383E-04   1.1399393E-04   9.4433344E-05 
   7.8113240E-05   6.4517364E-05   5.3208227E-05   4.3815453E-05 
   3.6025816E-05   2.9574778E-05   2.4239229E-05   1.9831306E-05 
   1.6193100E-05   1.3192119E-05   1.0717430E-05   8.6763603E-06 
   6.9916823E-06   5.5992327E-06   4.4458852E-06   3.4878435E-06 
   2.6892087E-06   2.0207926E-06   1.4591483E-06   9.8580585E-07 
   5.8671100E-07   2.5187140E-07  -2.4772527E-08  -2.4523138E-07 
  -4.0724404E-07  -5.0430901E-07  -5.2657987E-07  -4.6413609E-07 
  -3.1446331E-07  -9.5697665E-08   1.2977247E-07   1.2977247E-07
    0.000000       2.8437417E-02   5.3323627E-02   7.4700028E-02 
   9.2926629E-02   0.1085181       0.1221128       0.1344154     
   0.1461301       0.1578996       0.1702536       0.1835643     
   0.1979977       0.2134514       0.2294720       0.2451537     
   0.2590276       0.2689588       0.2720698       0.2646991     
   0.2424005       0.2000671       0.1327271       3.9638519E-02 
   1.9003257E-02   1.3639188E-02   1.0868547E-02   8.7229107E-03 
   6.9990917E-03   5.6445086E-03   4.5889495E-03   3.7620319E-03 
   3.1066746E-03   2.5804767E-03   2.1528425E-03   1.8017235E-03 
   1.5110399E-03   1.2688534E-03   1.0661216E-03   8.9585484E-04 
   7.5254444E-04   6.3177058E-04   5.2993250E-04   4.4405920E-04 
   3.7167544E-04   3.1070397E-04   2.5939266E-04   2.1625844E-04 
   1.8004309E-04   1.4967777E-04   1.2425386E-04   1.0299890E-04 
   8.5256339E-05   7.0468559E-05   5.8162412E-05   4.7936868E-05 
   3.9452472E-05   3.2422307E-05   2.6604233E-05   2.1794260E-05 
   1.7820841E-05   1.4540003E-05   1.1831160E-05   9.5935466E-06 
   7.7431723E-06   6.2102322E-06   4.9369096E-06   3.8755243E-06 
   2.9869727E-06   2.2394340E-06   1.6073102E-06   1.0703891E-06 
   6.1323209E-07   2.2481599E-07  -1.0151030E-07  -3.6765474E-07 
  -5.6988688E-07  -6.9799574E-07  -7.3491134E-07  -6.5938445E-07 
  -4.5585315E-07  -1.3795025E-07   2.0262290E-07   2.0262290E-07
    0.000000       3.1506065E-02   5.9108488E-02   8.2826182E-02 
   0.1030337       0.1202831       0.1352700       0.1487702     
   0.1615657       0.1743788       0.1878186       0.2023363     
   0.2181802       0.2353378       0.2534573       0.2717490     
   0.2888751       0.3028399       0.3108922       0.3094178     
   0.2937281       0.2574719       0.1909786       7.6761037E-02 
   3.1831522E-02   2.0369088E-02   1.4325652E-02   1.0403704E-02 
   7.8101959E-03   6.0539297E-03   4.8159021E-03   3.9050533E-03 
   3.2096501E-03   2.6629881E-03   2.2235911E-03   1.8645003E-03 
   1.5674543E-03   1.3196039E-03   1.1115803E-03   9.3632069E-04 
   7.8833575E-04   6.6324463E-04   5.5747549E-04   4.6806817E-04 
   3.9254129E-04   3.2879846E-04   2.7506030E-04   2.2981213E-04 
   1.9176293E-04   1.5981171E-04   1.3301955E-04   1.1058609E-04 
   9.1829570E-05   7.6169868E-05   6.3113897E-05   5.2243158E-05 
   4.3202974E-05   3.5693218E-05   2.9460378E-05   2.4290672E-05 
   2.0004167E-05   1.6449727E-05   1.3500652E-05   1.1050977E-05 
   9.0122830E-06   7.3109973E-06   5.8860996E-06   4.6871805E-06 
   3.6728086E-06   2.8091692E-06   2.0689424E-06   1.4304055E-06 
   8.7676807E-07   3.9579541E-07  -2.0141842E-08  -3.7340067E-07 
  -6.5940992E-07  -8.6367720E-07  -9.5884457E-07  -9.0419087E-07 
  -6.5571936E-07  -2.0408584E-07   3.2300650E-07   3.2300650E-07
    0.000000       3.4093264E-02   6.3999213E-02   8.9702666E-02 
   0.1115771       0.1301955       0.1462929       0.1606973     
   0.1742497       0.1877326       0.2018154       0.2170107     
   0.2336335       0.2517503       0.2711093       0.2910510     
   0.3104078       0.3274064       0.3395858       0.3437189     
   0.3356457       0.3097047       0.2567556       0.1574281     
   7.0734292E-02   3.5467234E-02   1.9791946E-02   1.2417304E-02 
   8.6279772E-03   6.4468929E-03   5.0471630E-03   4.0691816E-03 
   3.3434413E-03   2.7816433E-03   2.3333482E-03   1.9676294E-03 
   1.6645089E-03   1.4105133E-03   1.1961663E-03   1.0145094E-03 
   8.6021150E-04   7.2903390E-04   6.1750569E-04   5.2272569E-04 
   4.4223739E-04   3.7394528E-04   3.1605532E-04   2.6702939E-04 
   2.2554869E-04   1.9048310E-04   1.6086511E-04   1.3586727E-04 
   1.1478269E-04   9.7008182E-05   8.2029692E-05   6.9409733E-05 
   5.8776517E-05   4.9814527E-05   4.2256408E-05   3.5875935E-05 
   3.0481988E-05   2.5913343E-05   2.2034197E-05   1.8730349E-05 
   1.5905898E-05   1.3480462E-05   1.1386785E-05   9.5687283E-06 
   7.9795655E-06   6.5805598E-06   5.3397684E-06   4.2310744E-06 
   3.2334451E-06   2.3305233E-06   1.5108152E-06   7.6903660E-07 
   1.0946579E-07  -4.4751528E-07  -8.5579666E-07  -1.0351862E-06 
  -8.7806836E-07  -3.0666374E-07   5.1599471E-07   5.1599471E-07
    0.000000       3.6183808E-02   6.7966945E-02   9.5288455E-02 
   0.1185050       0.1381931       0.1551089       0.1701127     
   0.1840828       0.1978398       0.2120890       0.2273783     
   0.2440609       0.2622513       0.2817635       0.3020306     
   0.3220102       0.3400905       0.3540079       0.3607799     
   0.3566210       0.3367794       0.2953341       0.2259084     
   0.1292974       7.0595369E-02   3.9952502E-02   2.4242580E-02 
   1.5870949E-02   1.1118334E-02   8.2304245E-03   6.3622347E-03 
   5.0853416E-03   4.1690455E-03   3.4823287E-03   2.9477810E-03 
   2.5183798E-03   2.1649080E-03   1.8687407E-03   1.6175875E-03 
   1.4029583E-03   1.2186704E-03   1.0599832E-03   9.2310132E-04 
   8.0489006E-04   7.0270937E-04   6.1431021E-04   5.3776626E-04 
   4.7142294E-04   4.1385836E-04   3.6385024E-04   3.2034825E-04 
   2.8244994E-04   2.4938010E-04   2.2047291E-04   1.9515655E-04 
   1.7293992E-04   1.5340121E-04   1.3617806E-04   1.2095898E-04 
   1.0747612E-04   9.5498901E-05   8.4828665E-05   7.5294003E-05 
   6.6746790E-05   5.9058744E-05   5.2118543E-05   4.5829333E-05 
   4.0106592E-05   3.4876342E-05   3.0073605E-05   2.5641148E-05 
   2.1528635E-05   1.7692513E-05   1.4097577E-05   1.0722037E-05 
   7.5688722E-06   4.6858186E-06   2.1949993E-06   3.1889724E-07 
  -6.3397431E-07  -4.1067426E-07   7.1204983E-07   7.1204983E-07
    0.000000       3.7778359E-02   7.1011961E-02   9.9583499E-02 
   0.1238178       0.1442790       0.1617261       0.1770321     
   0.1910922       0.2047421       0.2186988       0.2335180     
   0.2495603       0.2669528       0.2855350       0.3047861     
   0.3237365       0.3408760       0.3540721       0.3605164     
   0.3567193       0.3386205       0.3020980       0.2448507     
   0.1723710       0.1134727       7.3501214E-02   4.8259411E-02 
   3.2632507E-02   2.2890866E-02   1.6694129E-02   1.2645731E-02 
   9.9187195E-03   8.0184769E-03   6.6449386E-03   5.6139268E-03 
   4.8114937E-03   4.1666836E-03   3.6348919E-03   3.1875968E-03 
   2.8060328E-03   2.4773488E-03   2.1923117E-03   1.9439579E-03 
   1.7268093E-03   1.5364158E-03   1.3690812E-03   1.2216917E-03 
   1.0916010E-03   9.7654772E-04   8.7459281E-04   7.8406913E-04 
   7.0354057E-04   6.3176733E-04   5.6767766E-04   5.1034312E-04 
   4.5895803E-04   4.1282194E-04   3.7132457E-04   3.3393304E-04 
   3.0018104E-04   2.6965933E-04   2.4200781E-04   2.1690865E-04 
   1.9408041E-04   1.7327296E-04   1.5426319E-04   1.3685123E-04 
   1.2085726E-04   1.0611870E-04   9.2487884E-05   7.9830192E-05 
   6.8023030E-05   5.6956724E-05   4.6539411E-05   3.6710131E-05 
   2.7466034E-05   1.8908660E-05   1.1306601E-05   5.1455877E-06 
   1.0875751E-06  -3.2127613E-07   5.2401333E-07   5.2401333E-07
    0.000000       3.8892459E-02   7.3162012E-02   0.1026265     
   0.1275662       0.1485183       0.1662288       0.1815664     
   0.1954245       0.2086353       0.2219070       0.2357815     
   0.2506035       0.2664877       0.2832740       0.3004663     
   0.3171573       0.3319533       0.3429185       0.3475746     
   0.3430102       0.3262195       0.2949103       0.2492170     
   0.1946123       0.1438553       0.1033752       7.3724732E-02 
   5.2946787E-02   3.8670313E-02   2.8904924E-02   2.2187421E-02 
   1.7504431E-02   1.4174069E-02   1.1744498E-02   9.9192522E-03 
   8.5052038E-03   7.3770867E-03   6.4536142E-03   5.6816204E-03 
   5.0257170E-03   4.4616838E-03   3.9723376E-03   3.5449911E-03 
   3.1699138E-03   2.8393962E-03   2.5471740E-03   2.2880624E-03 
   2.0577146E-03   1.8524512E-03   1.6691382E-03   1.5050906E-03 
   1.3579994E-03   1.2258708E-03   1.1069772E-03   9.9981774E-04 
   9.0308313E-04   8.1562885E-04   7.3645072E-04   6.6466507E-04 
   5.9949182E-04   5.4023997E-04   4.8629544E-04   4.3711058E-04 
   3.9219504E-04   3.5110823E-04   3.1345256E-04   2.7886778E-04 
   2.4702598E-04   2.1762730E-04   1.9039634E-04   1.6507943E-04 
   1.4144344E-04   1.1927803E-04   9.8405020E-05   7.8701552E-05 
   6.0146274E-05   4.2895765E-05   2.7383847E-05   1.4396922E-05 
   5.0079120E-06   1.5602440E-07  -4.3450834E-07  -4.3450834E-07
    0.000000       3.9554559E-02   7.4468702E-02   0.1044898     
   0.1298436       0.1510289       0.1687658       0.1839047     
   0.1973234       0.2098365       0.2221305       0.2347211     
   0.2479256       0.2618374       0.2762925       0.2908243     
   0.3046105       0.3164256       0.3246246       0.3271961     
   0.3219438       0.3068789       0.2809251       0.2449656     
   0.2028743       0.1611035       0.1244087       9.4698384E-02 
   7.1865782E-02   5.4865930E-02   4.2424288E-02   3.3375662E-02 
   2.6777916E-02   2.1918338E-02   1.8279644E-02   1.5496850E-02 
   1.3317572E-02   1.1569624E-02   1.0136307E-02   8.9384206E-03 
   7.9216491E-03   7.0480201E-03   6.2902733E-03   5.6282259E-03 
   5.0464640E-03   4.5328806E-03   4.0777382E-03   3.6730582E-03 
   3.3122080E-03   2.9896139E-03   2.7005519E-03   2.4409897E-03 
   2.2074669E-03   1.9969970E-03   1.8069929E-03   1.6352030E-03 
   1.4796602E-03   1.3386394E-03   1.2106227E-03   1.0942689E-03 
   9.8838913E-04   8.9192583E-04   8.0393435E-04   7.2356814E-04 
   6.5006566E-04   5.8273901E-04   5.2096427E-04   4.6417347E-04 
   4.1184697E-04   3.6350751E-04   3.1871482E-04   2.7706183E-04 
   2.3817332E-04   2.0170938E-04   1.6737951E-04   1.3497593E-04 
   1.0443901E-04   7.5963704E-05   5.0136612E-05   2.8042517E-05 
   1.1194940E-05   1.0477489E-06  -2.2161410E-06  -2.2161410E-06
    0.000000       3.9803289E-02   7.5002544E-02   0.1052723     
   0.1307772       0.1519693       0.1695334       0.1842917     
   0.1970968       0.2087380       0.2198739       0.2309905     
   0.2423776       0.2541112       0.2660325       0.2777221     
   0.2884698       0.2972573       0.3027734       0.3034967     
   0.2978829       0.2846977       0.2634990       0.2351791     
   0.2022633       0.1684088       0.1368346       0.1094612     
   8.6938873E-02   6.9063611E-02   5.5202711E-02   4.4592582E-02 
   3.6504783E-02   3.0319201E-02   2.5542846E-02   2.1801328E-02 
   1.8819286E-02   1.6398570E-02   1.4398420E-02   1.2719264E-02 
   1.1290334E-02   1.0060699E-02   8.9929933E-03   8.0591645E-03 
   7.2376286E-03   6.5113967E-03   5.8668172E-03   5.2927332E-03 
   4.7799009E-03   4.3205735E-03   3.9082002E-03   3.5371997E-03 
   3.2027839E-03   2.9008237E-03   2.6277390E-03   2.3804116E-03 
   2.1561133E-03   1.9524478E-03   1.7673011E-03   1.5988017E-03 
   1.4452862E-03   1.3052707E-03   1.1774264E-03   1.0605591E-03 
   9.5359120E-04   8.5554679E-04   7.6553837E-04   6.8275572E-04 
   6.0645584E-04   5.3595460E-04   4.7061979E-04   4.0986558E-04 
   3.5315094E-04   2.9998424E-04   2.4994125E-04   2.0270811E-04 
   1.5816450E-04   1.1651920E-04   7.8486555E-05   4.5434372E-05 
   1.9340539E-05   2.2996051E-06  -4.7129297E-06  -4.7129297E-06
    0.000000       3.9684311E-02   7.4847132E-02   0.1050911     
   0.1305166       0.1515240       0.1687564       0.1830017     
   0.1950823       0.2057588       0.2156614       0.2252496     
   0.2347923       0.2443582       0.2538080       0.2627847     
   0.2707057       0.2767670       0.2799773       0.2792436     
   0.2735295       0.2620945       0.2447893       0.2223201     
   0.1963134       0.1689945       0.1425131       0.1184325     
   9.7583599E-02   8.0176719E-02   6.6010460E-02   5.4668307E-02 
   4.5662463E-02   3.8521420E-02   3.2833781E-02   2.8263064E-02 
   2.4545887E-02   2.1482168E-02   1.8922744E-02   1.6757458E-02 
   1.4904984E-02   1.3304872E-02   1.1911599E-02   1.0690303E-02 
   9.6137896E-03   8.6604608E-03   7.8128688E-03   7.0567140E-03 
   6.3801287E-03   5.7731606E-03   5.2273874E-03   4.7356286E-03 
   4.2917198E-03   3.8903381E-03   3.5268639E-03   3.1972667E-03 
   2.8980142E-03   2.6259981E-03   2.3784710E-03   2.1529952E-03 
   1.9474002E-03   1.7597447E-03   1.5882872E-03   1.4314586E-03 
   1.2878409E-03   1.1561464E-03   1.0352025E-03   9.2393643E-04 
   8.2136277E-04   7.2657270E-04   6.3872512E-04   5.5703969E-04 
   4.8079423E-04   4.0933027E-04   3.4207432E-04   2.7858911E-04 
   2.1867327E-04   1.6252516E-04   1.1096127E-04   6.5616681E-05 
   2.8955210E-05   3.8215194E-06  -7.7458235E-06  -7.7458235E-06
    0.000000       3.9247099E-02   7.4093319E-02   0.1040732     
   0.1292231       0.1498892       0.1666701       0.1803161     
   0.1916171       0.2013050       0.2099849       0.2180956     
   0.2258944       0.2334541       0.2406659       0.2472438     
   0.2527316       0.2565215       0.2578938       0.2560923     
   0.2504424       0.2405099       0.2262725       0.2082468     
   0.1874894       0.1654124       0.1434566       0.1227994     
   0.1042109       8.8052943E-02   7.4364230E-02   6.2971778E-02 
   5.3591508E-02   4.5903098E-02   3.9597426E-02   3.4401476E-02 
   3.0087564E-02   2.6472945E-02   2.3414571E-02   2.0802055E-02 
   1.8550662E-02   1.6595235E-02   1.4885285E-02   1.3381246E-02 
   1.2051705E-02   1.0871378E-02   9.8196389E-03   8.8794678E-03 
   8.0366656E-03   7.2792745E-03   6.5971459E-03   5.9815999E-03 
   5.4251677E-03   4.9213846E-03   4.4646249E-03   4.0499703E-03 
   3.6731001E-03   3.3302030E-03   3.0179031E-03   2.7331980E-03 
   2.4734081E-03   2.2361320E-03   2.0192105E-03   1.8206948E-03 
   1.6388193E-03   1.4719790E-03   1.3187088E-03   1.1776664E-03 
   1.0476172E-03   9.2742051E-04   8.1601954E-04   7.1243208E-04 
   6.1574770E-04   5.2513287E-04   4.3985550E-04   3.5934316E-04 
   2.8329805E-04   2.1188891E-04   1.4601408E-04   8.7564091E-05 
   3.9506147E-05   5.5155824E-06  -1.1120204E-05  -1.1120204E-05
    0.000000       3.8542043E-02   7.2833799E-02   0.1023481     
   0.1270595       0.1472610       0.1635053       0.1765042     
   0.1870150       0.1957428       0.2032713       0.2100257     
   0.2162596       0.2220589       0.2273519       0.2319232     
   0.2354311       0.2374321       0.2374198       0.2348851     
   0.2293991       0.2207134       0.2088574       0.1942005     
   0.1774398       0.1594960       0.1413418       0.1238345     
   0.1076083       9.3041956E-02   8.0284461E-02   6.9310725E-02 
   5.9983876E-02   5.2109502E-02   4.5475829E-02   3.9879423E-02 
   3.5138946E-02   3.1100407E-02   2.7637107E-02   2.4646826E-02 
   2.2047928E-02   1.9775406E-02   1.7777357E-02   1.6012086E-02 
   1.4445801E-02   1.3050861E-02   1.1804430E-02   1.0687470E-02 
   9.6839722E-03   8.7803658E-03   7.9650665E-03   7.2281249E-03 
   6.5609398E-03   5.9560402E-03   5.4069008E-03   4.9077980E-03 
   4.4536889E-03   4.0401118E-03   3.6631033E-03   3.3191289E-03 
   3.0050264E-03   2.7179550E-03   2.4553544E-03   2.2149086E-03 
   1.9945153E-03   1.7922594E-03   1.6063898E-03   1.4352992E-03 
   1.2775069E-03   1.1316433E-03   9.9643681E-04   8.7070424E-04 
   7.5334631E-04   6.4335304E-04   5.3983025E-04   4.4206443E-04 
   3.4965237E-04   2.6272077E-04   1.8223643E-04   1.1033737E-04 
   5.0504896E-05   7.2929483E-06  -1.4659466E-05  -1.4659466E-05
    0.000000       3.7618000E-02   7.1158670E-02   0.1000412     
   0.1241830       0.1438257       0.1594775       0.1718116     
   0.1815539       0.1893845       0.1958698       0.2014265     
   0.2063110       0.2106270       0.2143415       0.2173039     
   0.2192688       0.2199226       0.2189177       0.2159187     
   0.2106583       0.2029993       0.1929900       0.1808947     
   0.1671819       0.1524641       0.1374044       0.1226176     
   0.1085978       9.5683612E-02   8.4058754E-02   7.3776551E-02 
   6.4795017E-02   5.7012331E-02   5.0296586E-02   4.4507612E-02 
   3.9510898E-02   3.5185162E-02   3.1425342E-02   2.8142720E-02 
   2.5263527E-02   2.2726892E-02   2.0482689E-02   1.8489573E-02 
   1.6713297E-02   1.5125318E-02   1.3701705E-02   1.2422254E-02 
   1.1269798E-02   1.0229661E-02   9.2892228E-03   8.4375702E-03 
   7.6652193E-03   6.9638873E-03   6.3263094E-03   5.7460852E-03 
   5.2175527E-03   4.7356850E-03   4.2960006E-03   3.8944923E-03 
   3.5275619E-03   3.1919694E-03   2.8847861E-03   2.6033570E-03 
   2.3452658E-03   2.1083069E-03   1.8904598E-03   1.6898660E-03 
   1.5048105E-03   1.3337043E-03   1.1750696E-03   1.0275292E-03 
   8.8980014E-04   7.6069986E-04   6.3917419E-04   5.2436831E-04 
   4.1577040E-04   3.1345937E-04   2.1846291E-04   1.3316084E-04 
   6.1550629E-05   9.0819467E-06  -1.8221137E-05  -1.8221137E-05
    0.000000       3.6520481E-02   6.9152072E-02   9.7269505E-02 
   0.1207387       0.1397538       0.1547800       0.1664534     
   0.1754692       0.1824848       0.1880521       0.1925824     
   0.1963384       0.1994435       0.2019007       0.2036152     
   0.2044191       0.2040970       0.2024157       0.1991580     
   0.1941607       0.1873528       0.1787866       0.1686534     
   0.1572740       0.1450641       0.1324804       0.1199622     
   0.1078840       9.6527129E-02   8.6071797E-02   7.6605640E-02 
   6.8141840E-02   6.0640577E-02   5.4029260E-02   4.8218995E-02 
   4.3116558E-02   3.8632046E-02   3.4683164E-02   3.1197051E-02 
   2.8110540E-02   2.5369583E-02   2.2928238E-02   2.0747555E-02 
   1.8794505E-02   1.7041009E-02   1.5463124E-02   1.4040348E-02 
   1.2755048E-02   1.1591990E-02   1.0537954E-02   9.5814224E-03 
   8.7123113E-03   7.9217628E-03   7.2019608E-03   6.5459837E-03 
   5.9476821E-03   5.4015699E-03   4.9027391E-03   4.4467826E-03 
   4.0297308E-03   3.6479973E-03   3.2983306E-03   2.9777745E-03 
   2.6836323E-03   2.4134358E-03   2.1649189E-03   1.9359931E-03 
   1.7247269E-03   1.5293275E-03   1.3481248E-03   1.1795587E-03 
   1.0221729E-03   8.7462040E-04   7.3569355E-04   6.0440064E-04 
   4.8012342E-04   3.6289226E-04   2.5379221E-04   1.5543918E-04 
   7.2339579E-05   1.0829639E-05  -2.1699976E-05  -2.1699976E-05
    0.000000       3.5290457E-02   6.6889964E-02   9.4138294E-02 
   0.1168567       0.1351960       0.1495809       0.1606117     
   0.1689545       0.1752447       0.1800212       0.1836921     
   0.1865269       0.1886677       0.1901490       0.1909219     
   0.1908783       0.1898754       0.1877600       0.1843941     
   0.1796805       0.1735867       0.1661627       0.1575491     
   0.1479701       0.1377129       0.1270964       0.1164355     
   0.1060107       9.6047118E-02   8.6705267E-02   7.8081846E-02 
   7.0218392E-02   6.3113317E-02   5.6734759E-02   5.1032186E-02 
   4.5945585E-02   4.1412205E-02   3.7370898E-02   3.3764686E-02 
   3.0541983E-02   2.7656931E-02   2.5069265E-02   2.2743860E-02 
   2.0650188E-02   1.8761741E-02   1.7055504E-02   1.5511449E-02 
   1.4112121E-02   1.2842259E-02   1.1688480E-02   1.0639017E-02 
   9.6834861E-03   8.8126939E-03   8.0184797E-03   7.2935717E-03 
   6.6314735E-03   6.0263611E-03   5.4729995E-03   4.9666683E-03 
   4.5030983E-03   4.0784194E-03   3.6891098E-03   3.3319585E-03 
   3.0040271E-03   2.7026189E-03   2.4252520E-03   2.1696333E-03 
   1.9336378E-03   1.7152885E-03   1.5127400E-03   1.3242651E-03 
   1.1482473E-03   9.8318700E-04   8.2773296E-04   6.8076467E-04 
   5.4156332E-04   4.1011375E-04   2.8755696E-04   1.7673730E-04 
   8.2653882E-05   1.2499374E-05  -2.5023108E-05  -2.5023108E-05
    0.000000       3.3963718E-02   6.4438932E-02   9.0739898E-02 
   0.1126501       0.1302819       0.1440221       0.1544370     
   0.1621640       0.1678177       0.1719241       0.1748880     
   0.1769850       0.1783733       0.1791136       0.1791930     
   0.1785487       0.1770901       0.1747194       0.1713508     
   0.1669285       0.1614420       0.1549361       0.1475160     
   0.1393415       0.1306149       0.1215622       0.1124109     
   0.1033707       9.4618693E-02   8.6290650E-02   7.8479603E-02 
   7.1238808E-02   6.4588189E-02   5.8522038E-02   5.3016685E-02 
   4.8037160E-02   4.3542512E-02   3.9489705E-02   3.5836224E-02 
   3.2541711E-02   2.9568832E-02   2.6883647E-02   2.4455667E-02 
   2.2257695E-02   2.0265590E-02   1.8457972E-02   1.6815925E-02 
   1.5322708E-02   1.3963496E-02   1.2725142E-02   1.1595958E-02 
   1.0565541E-02   9.6246032E-03   8.7648369E-03   7.9787914E-03 
   7.2597670E-03   6.6017248E-03   5.9992075E-03   5.4472717E-03 
   4.9414267E-03   4.4775833E-03   4.0520085E-03   3.6612847E-03 
   3.3022759E-03   2.9720946E-03   2.6680757E-03   2.3877507E-03 
   2.1288267E-03   1.8891647E-03   1.6667645E-03   1.4597491E-03 
   1.2663581E-03   1.0849535E-03   9.1405306E-04   7.5241842E-04 
   5.9923867E-04   4.5445794E-04   3.1927243E-04   1.9674463E-04 
   9.2341652E-05   1.4066705E-05  -2.8141912E-05  -2.8141912E-05
    0.000000       3.2570694E-02   6.1855804E-02   8.7153047E-02 
   0.1082152       0.1251204       0.1382210       0.1480506     
   0.1552186       0.1603184       0.1638633       0.1662535     
   0.1677690       0.1685804       0.1687691       0.1683497     
   0.1672931       0.1655457       0.1630475       0.1597470     
   0.1556142       0.1506503       0.1448947       0.1384270     
   0.1313634       0.1238493       0.1160473       0.1081238     
   0.1002361       9.2522487E-02   8.5095018E-02   7.8037307E-02 
   7.1404852E-02   6.5228179E-02   5.9517186E-02   5.4265983E-02 
   4.9457472E-02   4.5067295E-02   4.1067012E-02   3.7426431E-02 
   3.4115300E-02   3.1104364E-02   2.8366033E-02   2.5874730E-02 
   2.3607010E-02   2.1541569E-02   1.9659141E-02   1.7942373E-02 
   1.6375657E-02   1.4944978E-02   1.3637744E-02   1.2442642E-02 
   1.1349493E-02   1.0349130E-02   9.4332872E-03   8.5944915E-03 
   7.8259800E-03   7.1216174E-03   6.4758277E-03   5.8835330E-03 
   5.3400979E-03   4.8412834E-03   4.3832026E-03   3.9622835E-03 
   3.5752361E-03   3.2190224E-03   2.8908288E-03   2.5880425E-03 
   2.3082292E-03   2.0491134E-03   1.8085607E-03   1.5845647E-03 
   1.3752386E-03   1.1788220E-03   9.9371606E-04   8.1857719E-04 
   6.5251271E-04   4.9543194E-04   3.4858478E-04   2.1523866E-04 
   1.0129678E-04   1.5515332E-05  -3.1023963E-05  -3.1023963E-05
    0.000000       3.1136617E-02   5.9187930E-02   8.3443359E-02 
   0.1036314       0.1198010       0.1322725       0.1415483     
   0.1482103       0.1528305       0.1559083       0.1578378     
   0.1589010       0.1592775       0.1590639       0.1582955     
   0.1569674       0.1550522       0.1525156       0.1493286     
   0.1454767       0.1409677       0.1358351       0.1301401     
   0.1239690       0.1174281       0.1106364       0.1037173     
   9.6789680E-02   8.9961417E-02   8.3323941E-02   7.6949649E-02 
   7.0891373E-02   6.5183543E-02   5.9844531E-02   5.4879539E-02 
   5.0283622E-02   4.6044491E-02   4.2144928E-02   3.8564745E-02 
   3.5282280E-02   3.2275498E-02   2.9522730E-02   2.7003203E-02 
   2.4697307E-02   2.2586767E-02   2.0654693E-02   1.8885573E-02 
   1.7265221E-02   1.5780699E-02   1.4420224E-02   1.3173084E-02 
   1.2029532E-02   1.0980709E-02   1.0018544E-02   9.1356924E-03 
   8.3254483E-03   7.5816931E-03   6.8988279E-03   6.2717255E-03 
   5.6956806E-03   5.1663686E-03   4.6798061E-03   4.2323186E-03 
   3.8205076E-03   3.4412232E-03   3.0915393E-03   2.7687296E-03 
   2.4702472E-03   2.1937042E-03   1.9368567E-03   1.6975881E-03 
   1.4739046E-03   1.2639405E-03   1.0659961E-03   8.7863661E-04 
   7.0089841E-04   5.3266215E-04   3.7522934E-04   2.3205562E-04 
   1.0944280E-04   1.6833927E-05  -3.3646713E-05  -3.3646713E-05
    0.000000       2.9681915E-02   5.6473851E-02   7.9664305E-02 
   9.8963641E-02   0.1143958       0.1262519       0.1350045     
   0.1412083       0.1454133       0.1481040       0.1496666     
   0.1503823       0.1504365       0.1499366       0.1489325     
   0.1474367       0.1454402       0.1429260       0.1398797     
   0.1362965       0.1321869       0.1275796       0.1225222     
   0.1170798       0.1113314       0.1053660       9.9275887E-02 
   9.3152195E-02   8.7079294E-02   8.1131324E-02   7.5369790E-02 
   6.9842577E-02   6.4584203E-02   5.9616923E-02   5.4952364E-02 
   5.0593451E-02   4.6536312E-02   4.2772040E-02   3.9288234E-02 
   3.6070250E-02   3.3102192E-02   3.0367663E-02   2.7850306E-02 
   2.5534190E-02   2.3404056E-02   2.1445466E-02   1.9644881E-02 
   1.7989691E-02   1.6468210E-02   1.5069647E-02   1.3784051E-02 
   1.2602272E-02   1.1515898E-02   1.0517195E-02   9.5990608E-03 
   8.7549631E-03   7.9788910E-03   7.2653126E-03   6.6091283E-03 
   6.0056313E-03   5.4504741E-03   4.9396325E-03   4.4693756E-03 
   4.0362412E-03   3.6370070E-03   3.2686682E-03   2.9284167E-03 
   2.6136213E-03   2.3218081E-03   2.0506450E-03   1.7979280E-03 
   1.5615752E-03   1.3396335E-03   1.1303191E-03   9.3212002E-04 
   7.4401341E-04   5.6585739E-04   3.9900135E-04   2.4707010E-04 
   1.1672178E-04   1.8014045E-05  -3.5993362E-05  -3.5993362E-05
    0.000000       2.8222723E-02   5.3744219E-02   7.5858489E-02 
   9.4263263E-02   0.1089614       0.1202175       0.1284755     
   0.1342631       0.1381079       0.1404779       0.1417500     
   0.1422022       0.1420224       0.1413249       0.1401701     
   0.1385825       0.1365656       0.1341144       0.1312237     
   0.1278948       0.1241392       0.1199811       0.1154581     
   0.1106201       0.1055271       0.1002463       9.4848074E-02 
   8.9402795E-02   8.3976977E-02   7.8630686E-02   7.3415592E-02 
   6.8373933E-02   6.3538291E-02   5.8931977E-02   5.4569937E-02 
   5.0459892E-02   4.6603598E-02   4.2998090E-02   3.9636828E-02 
   3.6510695E-02   3.3608839E-02   3.0919354E-02   2.8429803E-02 
   2.6127610E-02   2.4000365E-02   2.2036016E-02   2.0223012E-02 
   1.8550379E-02   1.7007770E-02   1.5585480E-02   1.4274443E-02 
   1.3066208E-02   1.1952925E-02   1.0927300E-02   9.9825701E-03 
   9.1124643E-03   8.3111655E-03   7.5732833E-03   6.8938131E-03 
   6.2681106E-03   5.6918589E-03   5.1610442E-03   4.6719266E-03 
   4.2210193E-03   3.8050646E-03   3.4210137E-03   3.0660073E-03 
   2.7373566E-03   2.4325273E-03   2.1491223E-03   1.8848716E-03 
   1.6376246E-03   1.4053592E-03   1.1862242E-03   9.7864552E-04 
   7.8155211E-04   5.9478550E-04   4.1973818E-04   2.6018271E-04 
   1.2308784E-04   1.9048948E-05  -3.8050504E-05  -3.8050504E-05
    0.000000       2.6771463E-02   5.1022828E-02   7.2059102E-02 
   8.9570262E-02   0.1035418       0.1142139       0.1220032     
   0.1274108       0.1309413       0.1330452       0.1340882     
   0.1343432       0.1339978       0.1331704       0.1319281     
   0.1303034       0.1283088       0.1259469       0.1232188     
   0.1201292       0.1166896       0.1129207       0.1088525     
   0.1045237       9.9980518E-02   9.5274635E-02   9.0460509E-02 
   8.5593000E-02   8.0724940E-02   7.5905107E-02   7.1176693E-02 
   6.6576347E-02   6.2133770E-02   5.7871722E-02   5.3806454E-02 
   4.9948368E-02   4.6302795E-02   4.2870861E-02   3.9650291E-02 
   3.6636207E-02   3.3821773E-02   3.1198792E-02   2.8758172E-02 
   2.6490303E-02   2.4385359E-02   2.2433523E-02   2.0625144E-02 
   1.8950868E-02   1.7401701E-02   1.5969068E-02   1.4644843E-02 
   1.3421350E-02   1.2291368E-02   1.1248121E-02   1.0285259E-02 
   9.3968408E-03   8.5773142E-03   7.8214882E-03   7.1245148E-03 
   6.4818636E-03   5.8893007E-03   5.3428654E-03   4.8388508E-03 
   4.3737842E-03   3.9444068E-03   3.5476575E-03   3.1806543E-03 
   2.8406780E-03   2.5251575E-03   2.2316547E-03   1.9578536E-03 
   1.7015547E-03   1.4606854E-03   1.2333435E-03   1.0179074E-03 
   8.1326993E-04   6.1926054E-04   4.3730938E-04   2.7131350E-04 
   1.2850380E-04   1.9933055E-05  -3.9807052E-05  -3.9807052E-05
    0.000000       2.5337411E-02   4.8327632E-02   6.8291314E-02 
   8.4914908E-02   9.8169729E-02   0.1082740       0.1156179     
   0.1206763       0.1239304       0.1258124       0.1266753     
   0.1267849       0.1263267       0.1254205       0.1241372     
   0.1225150       0.1205719       0.1183160       0.1157521     
   0.1128869       0.1097317       0.1063039       0.1026279     
   9.8734148E-02   9.4658859E-02   9.0442233E-02   8.6126924E-02 
   8.1756234E-02   7.7372454E-02   7.3015332E-02   6.8720937E-02 
   6.4520761E-02   6.0441315E-02   5.6503940E-02   5.2724965E-02 
   4.9116042E-02   4.5684621E-02   4.2434514E-02   3.9366476E-02 
   3.6478762E-02   3.3767652E-02   3.1227935E-02   2.8853294E-02 
   2.6636658E-02   2.4570484E-02   2.2646965E-02   2.0858223E-02 
   1.9196430E-02   1.7653914E-02   1.6223226E-02   1.4897189E-02 
   1.3668936E-02   1.2531919E-02   1.1479925E-02   1.0507070E-02 
   9.6077938E-03   8.7768566E-03   8.0093220E-03   7.3005436E-03 
   6.6461512E-03   6.0420339E-03   5.4843258E-03   4.9693896E-03 
   4.4937995E-03   4.0543289E-03   3.6479323E-03   3.2717327E-03 
   2.9230060E-03   2.5991674E-03   2.2977593E-03   2.0164403E-03 
   1.7529811E-03   1.5052765E-03   1.2713899E-03   1.0496670E-03 
   8.3897496E-04   6.3913618E-04   4.5161182E-04   2.8039882E-04 
   1.3293975E-04   2.0661755E-05  -4.1253854E-05  -4.1253854E-05
    0.000000       2.3927245E-02   4.5671746E-02   6.4573616E-02 
   8.0319479E-02   9.2869349E-02   0.1024213       0.1093405     
   0.1140757       0.1170845       0.1187800       0.1195014     
   0.1195059       0.1189752       0.1180284       0.1167385     
   0.1151468       0.1132752       0.1111349       0.1087336     
   0.1060787       0.1031811       0.1000556       9.6722089E-02 
   9.3205020E-02   8.9533031E-02   8.5737891E-02   8.1853375E-02 
   7.7914052E-02   7.3954016E-02   7.0005849E-02   6.6099644E-02 
   6.2262356E-02   5.8517333E-02   5.4884102E-02   5.1378340E-02 
   4.8012026E-02   4.4793725E-02   4.1728914E-02   3.8820393E-02 
   3.6068682E-02   3.3472415E-02   3.1028714E-02   2.8733525E-02 
   2.6581893E-02   2.4568226E-02   2.2686498E-02   2.0930419E-02 
   1.9293573E-02   1.7769527E-02   1.6351916E-02   1.5034500E-02 
   1.3811213E-02   1.2676201E-02   1.1623832E-02   1.0648720E-02 
   9.7457236E-03   8.9099500E-03   8.1367530E-03   7.4217264E-03 
   6.7606946E-03   6.1497078E-03   5.5850265E-03   5.0631138E-03 
   4.5806239E-03   4.1343877E-03   3.7214041E-03   3.3388245E-03 
   2.9839438E-03   2.6541858E-03   2.3470935E-03   2.0603198E-03 
   1.7916246E-03   1.5388870E-03   1.3001522E-03   1.0737472E-03 
   8.5852417E-04   6.5430277E-04   4.6256770E-04   2.8739020E-04 
   1.3637260E-04   2.1231397E-05  -4.2383686E-05  -4.2383686E-05
    0.000000       2.2545531E-02   4.3064319E-02   6.0919054E-02 
   7.5799681E-02   8.7657422E-02   9.6672013E-02   0.1031846     
   0.1076184       0.1104073       0.1119445       0.1125546     
   0.1124851       0.1119124       0.1109536       0.1096820     
   0.1081406       0.1063535       0.1043341       0.1020915     
   9.9633873E-02   9.6971057E-02   9.4115958E-02   9.1084957E-02 
   8.7897912E-02   8.4577762E-02   8.1149921E-02   7.7641450E-02 
   7.4080192E-02   7.0493877E-02   6.6909321E-02   6.3351713E-02 
   5.9844062E-02   5.6406762E-02   5.3057399E-02   4.9810603E-02 
   4.6678126E-02   4.3668937E-02   4.0789459E-02   3.8043808E-02 
   3.5434078E-02   3.2960635E-02   3.0622387E-02   2.8417064E-02 
   2.6341446E-02   2.4391579E-02   2.2562962E-02   2.0850709E-02 
   1.9249668E-02   1.7754549E-02   1.6359994E-02   1.5060656E-02 
   1.3851252E-02   1.2726608E-02   1.1681683E-02   1.0711599E-02 
   9.8116491E-03   8.9773135E-03   8.2042618E-03   7.4883532E-03 
   6.8256375E-03   6.2123509E-03   5.6449091E-03   5.1199030E-03 
   4.6340912E-03   4.1843876E-03   3.7678585E-03   3.3817072E-03 
   3.0232682E-03   2.6899944E-03   2.3794493E-03   2.0892983E-03 
   1.8173078E-03   1.5613580E-03   1.3194914E-03   1.0900302E-03 
   8.7182166E-04   6.6468597E-04   4.7012372E-04   2.9225406E-04 
   1.3878613E-04   2.1639329E-05  -4.3191310E-05  -4.3191310E-05
    0.000000       2.1195143E-02   4.0511314E-02   5.7336275E-02 
   7.1365952E-02   8.2544960E-02   9.1036357E-02   9.7158313E-02 
   0.1013089       0.1038982       0.1052995       0.1058218     
   0.1057022       0.1051104       0.1041606       0.1029252     
   0.1014477       9.9753410E-02   9.7856998E-02   9.5768280E-02 
   9.3495607E-02   9.1048136E-02   8.8437021E-02   8.5675947E-02 
   8.2781196E-02   7.9771377E-02   7.6667055E-02   7.3490120E-02 
   7.0263214E-02   6.7009062E-02   6.3749865E-02   6.0506754E-02 
   5.7299349E-02   5.4145407E-02   5.1060576E-02   4.8058279E-02 
   4.5149684E-02   4.2343732E-02   3.9647266E-02   3.7065186E-02 
   3.4600634E-02   3.2255195E-02   3.0029124E-02   2.7921526E-02 
   2.5930565E-02   2.4053633E-02   2.2287522E-02   2.0628542E-02 
   1.9072667E-02   1.7615620E-02   1.6252972E-02   1.4980207E-02 
   1.3792782E-02   1.2686176E-02   1.1655929E-02   1.0697666E-02 
   9.8071238E-03   8.9801643E-03   8.2127871E-03   7.5011370E-03 
   6.8415077E-03   6.2303422E-03   5.6642345E-03   5.1399241E-03 
   4.6542939E-03   4.2043654E-03   3.7872903E-03   3.4003449E-03 
   3.0409221E-03   2.7065231E-03   2.3947489E-03   2.1032949E-03 
   1.8299511E-03   1.5726144E-03   1.3293396E-03   1.0984566E-03 
   8.7881746E-04   6.7024631E-04   4.7425096E-04   2.9497172E-04 
   1.4017102E-04   2.1883965E-05  -4.3673619E-05  -4.3673619E-05
    0.000000       1.9877629E-02   3.8016163E-02   5.3830422E-02 
   6.7024536E-02   7.7538431E-02   8.5519932E-02   9.1265216E-02 
   9.5147774E-02   9.7554058E-02   9.8836899E-02   9.9289574E-02 
   9.9137828E-02   9.8544158E-02   9.7618714E-02   9.6432179E-02 
   9.5027760E-02   9.3431070E-02   9.1657460E-02   8.9717075E-02 
   8.7618209E-02   8.5369289E-02   8.2980044E-02   8.0462024E-02 
   7.7828705E-02   7.5095370E-02   7.2278798E-02   6.9396898E-02 
   6.6468239E-02   6.3511558E-02   6.0545340E-02   5.7587378E-02 
   5.4654412E-02   5.1761851E-02   4.8923537E-02   4.6151627E-02 
   4.3456513E-02   4.0846836E-02   3.8329501E-02   3.5909809E-02 
   3.3591542E-02   3.1377133E-02   2.9267788E-02   2.7263664E-02 
   2.5364004E-02   2.3567289E-02   2.1871367E-02   2.0273576E-02 
   1.8770844E-02   1.7359801E-02   1.6036842E-02   1.4798209E-02 
   1.3640048E-02   1.2558455E-02   1.1549522E-02   1.0609367E-02 
   9.7341621E-03   8.9201517E-03   8.1636738E-03   7.4611669E-03 
   6.8091811E-03   6.2043821E-03   5.6435559E-03   5.1236097E-03 
   4.6415692E-03   4.1945782E-03   3.7798930E-03   3.3948799E-03 
   3.0370078E-03   2.7038420E-03   2.3930385E-03   2.1023387E-03 
   1.8295703E-03   1.5726630E-03   1.3296972E-03   1.0990232E-03 
   8.7950681E-04   6.7097839E-04   4.7494457E-04   2.9553944E-04 
   1.4052508E-04   2.1964821E-05  -4.3829681E-05  -4.3829681E-05
    0.000000       1.8593505E-02   3.5580333E-02   5.0403904E-02 
   6.2778398E-02   7.2640710E-02   8.0124758E-02   8.5505664E-02 
   8.9132875E-02   9.1369376E-02   9.2547566E-02   9.2944503E-02 
   9.2774160E-02   9.2191204E-02   9.1301128E-02   9.0172179E-02 
   8.8846631E-02   8.7349929E-02   8.5697539E-02   8.3899684E-02 
   8.1964411E-02   7.9899468E-02   7.7713400E-02   7.5416036E-02 
   7.3018648E-02   7.0533879E-02   6.7975588E-02   6.5358534E-02 
   6.2698051E-02   6.0009725E-02   5.7309009E-02   5.4610938E-02 
   5.1929817E-02   4.9278986E-02   4.6670649E-02   4.4115711E-02 
   4.1623719E-02   3.9202821E-02   3.6859777E-02   3.4599993E-02 
   3.2427616E-02   3.0345600E-02   2.8355828E-02   2.6459219E-02 
   2.4655847E-02   2.2945045E-02   2.1325525E-02   1.9795466E-02 
   1.8352620E-02   1.6994391E-02   1.5717903E-02   1.4520079E-02 
   1.3397688E-02   1.2347401E-02   1.1365826E-02   1.0449553E-02 
   9.5951715E-03   8.7993052E-03   8.0586253E-03   7.3698689E-03 
   6.7298478E-03   6.1354609E-03   5.5836970E-03   5.0716423E-03 
   4.5964797E-03   4.1554887E-03   3.7460467E-03   3.3656233E-03 
   3.0117787E-03   2.6821578E-03   2.3744856E-03   2.0865640E-03 
   1.8162736E-03   1.5615895E-03   1.3206319E-03   1.0917825E-03 
   8.7392912E-04   6.6691072E-04   4.7222350E-04   2.9396827E-04 
   1.3985315E-04   2.1882526E-05  -4.3660784E-05  -4.3660784E-05
    0.000000       1.7342506E-02   3.3203781E-02   4.7057007E-02 
   5.8627963E-02   6.7851946E-02   7.4850127E-02   7.9877466E-02 
   8.3259925E-02   8.5337304E-02   8.6421534E-02   8.6773291E-02 
   8.6594403E-02   8.6031303E-02   8.5184298E-02   8.4118754E-02 
   8.2875490E-02   8.1479385E-02   7.9945706E-02   7.8284517E-02 
   7.6503523E-02   7.4609846E-02   7.2611019E-02   7.0515469E-02 
   6.8332709E-02   6.6073298E-02   6.3748769E-02   6.1371386E-02 
   5.8953915E-02   5.6509368E-02   5.4050755E-02   5.1590811E-02 
   4.9141776E-02   4.6715207E-02   4.4321816E-02   4.1971337E-02 
   3.9672438E-02   3.7432697E-02   3.5258561E-02   3.3155371E-02 
   3.1127404E-02   2.9177923E-02   2.7309248E-02   2.5522837E-02 
   2.3819380E-02   2.2198865E-02   2.0660691E-02   1.9203728E-02 
   1.7826406E-02   1.6526790E-02   1.5302639E-02   1.4151474E-02 
   1.3070624E-02   1.2057279E-02   1.1108530E-02   1.0221401E-02 
   9.3928874E-03   8.6199716E-03   7.8996532E-03   7.2289635E-03 
   6.6049783E-03   6.0248324E-03   5.4857256E-03   4.9849302E-03 
   4.5197965E-03   4.0877527E-03   3.6863063E-03   3.3130453E-03 
   2.9656324E-03   2.6418054E-03   2.3393717E-03   2.0562068E-03 
   1.7902569E-03   1.5395563E-03   1.3022760E-03   1.0768402E-03 
   8.6216675E-04   6.5810449E-04   4.6613006E-04   2.9028390E-04 
   1.3816706E-04   2.1638833E-05  -4.3170447E-05  -4.3170447E-05
    0.000000       1.6123781E-02   3.0885307E-02   4.3788400E-02 
   5.4571714E-02   6.3170150E-02   6.9693223E-02   7.4376546E-02 
   7.7523150E-02   7.9449944E-02   8.0448516E-02   8.0763035E-02 
   8.0582976E-02   8.0046199E-02   7.9247504E-02   7.8248978E-02 
   7.7089667E-02   7.5793564E-02   7.4375503E-02   7.2845213E-02 
   7.1210027E-02   6.9476463E-02   6.7651182E-02   6.5741472E-02 
   6.3755408E-02   6.1701886E-02   5.9590574E-02   5.7431724E-02 
   5.5236034E-02   5.3014446E-02   5.0777938E-02   4.8537336E-02 
   4.6303142E-02   4.4085354E-02   4.1893363E-02   3.9735802E-02 
   3.7620500E-02   3.5554409E-02   3.3543583E-02   3.1593163E-02 
   2.9707409E-02   2.7889712E-02   2.6142653E-02   2.4468055E-02 
   2.2867039E-02   2.1340095E-02   1.9887144E-02   1.8507613E-02 
   1.7200489E-02   1.5964387E-02   1.4797610E-02   1.3698194E-02 
   1.2663967E-02   1.1692583E-02   1.0781569E-02   9.9283569E-03 
   9.1303140E-03   8.3847689E-03   7.6890350E-03   7.0404294E-03 
   6.4362898E-03   5.8739851E-03   5.3509297E-03   4.8645884E-03 
   4.4124844E-03   3.9922022E-03   3.6013906E-03   3.2377641E-03 
   2.8991008E-03   2.5832413E-03   2.2880870E-03   2.0115993E-03 
   1.7518015E-03   1.5067984E-03   1.2748238E-03   1.0543540E-03 
   8.4434357E-04   6.4465281E-04   4.5672923E-04   2.8452618E-04 
   1.3548552E-04   2.1236592E-05  -4.2364372E-05  -4.2364372E-05
    0.000000       1.4936043E-02   2.8622860E-02   4.0595543E-02 
   5.0606668E-02   5.8591798E-02   6.4649709E-02   6.8997443E-02 
   7.1915679E-02   7.3698759E-02   7.4618064E-02   7.4901246E-02 
   7.4725308E-02   7.4219324E-02   7.3472314E-02   7.2542824E-02 
   7.1467876E-02   7.0270360E-02   6.8964474E-02   6.7559540E-02 
   6.6062458E-02   6.4479172E-02   6.2815607E-02   6.1078086E-02 
   5.9273511E-02   5.7409432E-02   5.5493988E-02   5.3535819E-02 
   5.1543936E-02   4.9527567E-02   4.7496025E-02   4.5458540E-02 
   4.3424122E-02   4.1401442E-02   3.9398696E-02   3.7423532E-02 
   3.5482962E-02   3.3583317E-02   3.1730197E-02   2.9928470E-02 
   2.8182264E-02   2.6494980E-02   2.4869317E-02   2.3307320E-02 
   2.1810403E-02   2.0379415E-02   1.9014677E-02   1.7716045E-02 
   1.6482953E-02   1.5314476E-02   1.4209364E-02   1.3166101E-02 
   1.2182943E-02   1.1257959E-02   1.0389067E-02   9.5740678E-03 
   8.8106748E-03   8.0965394E-03   7.4292719E-03   6.8064663E-03 
   6.2257131E-03   5.6846137E-03   5.1807957E-03   4.7119181E-03 
   4.2756810E-03   3.8698323E-03   3.4921677E-03   3.1405368E-03 
   2.8128414E-03   2.5070354E-03   2.2211240E-03   1.9531641E-03 
   1.7012677E-03   1.4636205E-03   1.2385288E-03   1.0245304E-03 
   8.2062307E-04   6.2667922E-04   4.4410781E-04   2.7674876E-04 
   1.3183388E-04   2.0679729E-05  -4.1250383E-05  -4.1250383E-05
    0.000000       1.3777702E-02   2.6413769E-02   3.7475009E-02 
   4.6728771E-02   5.4112162E-02   5.9714086E-02   6.3733712E-02 
   6.6429891E-02   6.8074785E-02   6.8919733E-02   6.9175921E-02 
   6.9007814E-02   6.8535551E-02   6.7842223E-02   6.6982627E-02 
   6.5991566E-02   6.4890668E-02   6.3693382E-02   6.2408537E-02 
   6.1042555E-02   5.9600867E-02   5.8088742E-02   5.6511685E-02 
   5.4875631E-02   5.3187005E-02   5.1452711E-02   4.9680058E-02 
   4.7876667E-02   4.6050362E-02   4.4209063E-02   4.2360649E-02 
   4.0512875E-02   3.8673233E-02   3.6848892E-02   3.5046589E-02 
   3.3272576E-02   3.1532574E-02   2.9831713E-02   2.8174529E-02 
   2.6564950E-02   2.5006289E-02   2.3501271E-02   2.2052040E-02 
   2.0660197E-02   1.9326832E-02   1.8052561E-02   1.6837563E-02 
   1.5681626E-02   1.4584189E-02   1.3544377E-02   1.2561049E-02 
   1.1632831E-02   1.0758150E-02   9.9352738E-03   9.1623347E-03 
   8.4373616E-03   7.7583031E-03   7.1230517E-03   6.5294616E-03 
   5.9753666E-03   5.4585952E-03   4.9769846E-03   4.5283874E-03 
   4.1106837E-03   3.7217857E-03   3.3596435E-03   3.0222470E-03 
   2.7076288E-03   2.4138638E-03   2.1390703E-03   1.8814097E-03 
   1.6390918E-03   1.4103926E-03   1.1937005E-03   9.8762300E-04 
   7.9120678E-04   6.0433650E-04   4.2837346E-04   2.6701845E-04 
   1.2724382E-04   1.9973195E-05  -3.9838364E-05  -3.9838364E-05
    0.000000       1.2646953E-02   2.4254920E-02   3.4422725E-02 
   4.2933173E-02   4.9725696E-02   5.4880049E-02   5.8578197E-02 
   6.1057687E-02   6.2568828E-02   6.3343167E-02   6.3575499E-02 
   6.3417718E-02   6.2980995E-02   6.2342327E-02   6.1552648E-02 
   6.0644411E-02   5.9637837E-02   5.8545567E-02   5.7375845E-02 
   5.6134630E-02   5.4826859E-02   5.3457215E-02   5.2030504E-02 
   5.0551839E-02   4.9026720E-02   4.7461025E-02   4.5860954E-02 
   4.4232976E-02   4.2583749E-02   4.0920012E-02   3.9248511E-02 
   3.7575912E-02   3.5908699E-02   3.4253120E-02   3.2615095E-02 
   3.1000175E-02   2.9413482E-02   2.7859684E-02   2.6342956E-02 
   2.4866974E-02   2.3434902E-02   2.2049405E-02   2.0712651E-02 
   1.9426335E-02   1.8191693E-02   1.7009545E-02   1.5880307E-02 
   1.4804035E-02   1.3780458E-02   1.2809005E-02   1.1888842E-02 
   1.1018910E-02   1.0197947E-02   9.4245235E-03   8.6970683E-03 
   8.0138957E-03   7.3732277E-03   6.7732153E-03   6.2119598E-03 
   5.6875264E-03   5.1979627E-03   4.7413097E-03   4.3156119E-03 
   3.9189286E-03   3.5493392E-03   3.2049490E-03   2.8838944E-03 
   2.5843440E-03   2.3045009E-03   2.0426027E-03   1.7969236E-03 
   1.5657797E-03   1.3475460E-03   1.1407009E-03   9.4392936E-04 
   7.5633154E-04   5.7780492E-04   4.0965361E-04   2.5541458E-04 
   1.2175316E-04   1.9122930E-05  -3.8140144E-05  -3.8140144E-05
    0.000000       1.1541852E-02   2.2142906E-02   3.1434178E-02 
   3.9214488E-02   4.5426242E-02   5.0140724E-02   5.3523269E-02 
   5.5790614E-02   5.7171594E-02   5.7878163E-02   5.8088850E-02 
   5.7943024E-02   5.7542808E-02   5.6959063E-02   5.6238748E-02 
   5.5411875E-02   5.4497182E-02   5.3506404E-02   5.2447200E-02 
   5.1325034E-02   5.0144378E-02   4.8909385E-02   4.7624256E-02 
   4.6293411E-02   4.4921566E-02   4.3513723E-02   4.2075172E-02 
   4.0611409E-02   3.9128102E-02   3.7631001E-02   3.6125880E-02 
   3.4618467E-02   3.3114366E-02   3.1619009E-02   3.0137582E-02 
   2.8674984E-02   2.7235780E-02   2.5824174E-02   2.4443967E-02 
   2.3098556E-02   2.1790914E-02   2.0523585E-02   1.9298697E-02 
   1.8117964E-02   1.6982703E-02   1.5893852E-02   1.4851999E-02 
   1.3857394E-02   1.2909986E-02   1.2009446E-02   1.1155193E-02 
   1.0346426E-02   9.5821489E-03   8.8611944E-03   8.1822546E-03 
   7.5438959E-03   6.9445898E-03   6.3827266E-03   5.8566355E-03 
   5.3646034E-03   4.9048848E-03   4.4757188E-03   4.0753386E-03 
   3.7019791E-03   3.3538877E-03   3.0293276E-03   2.7265840E-03 
   2.4439660E-03   2.1798096E-03   1.9324787E-03   1.7003668E-03 
   1.4819031E-03   1.2755692E-03   1.0799413E-03   8.9378806E-04 
   7.1626791E-04   5.4729072E-04   3.8809428E-04   2.4202820E-04 
   1.1540538E-04   1.8135805E-05  -3.6169415E-05  -3.6169415E-05
    0.000000       1.0460369E-02   2.0074120E-02   2.8504547E-02 
   3.5566941E-02   4.1207243E-02   4.5488834E-02   4.8560988E-02 
   5.0620068E-02   5.1873777E-02   5.2514721E-02   5.2705284E-02 
   5.2572366E-02   5.2209038E-02   5.1679973E-02   5.1028099E-02 
   5.0280903E-02   4.9455591E-02   4.8562955E-02   4.7610015E-02 
   4.6601757E-02   4.5542199E-02   4.4435021E-02   4.3283883E-02 
   4.2092610E-02   4.0865235E-02   3.9606042E-02   3.8319528E-02 
   3.7010375E-02   3.5683405E-02   3.4343518E-02   3.2995664E-02 
   3.1644747E-02   3.0295601E-02   2.8952934E-02   2.7621267E-02 
   2.6304904E-02   2.5007887E-02   2.3733964E-02   2.2486567E-02 
   2.1268796E-02   2.0083394E-02   1.8932750E-02   1.7818904E-02 
   1.6743528E-02   1.5707964E-02   1.4713211E-02   1.3759959E-02 
   1.2848596E-02   1.1979233E-02   1.1151726E-02   1.0365697E-02 
   9.6205566E-03   8.9155314E-03   8.2496805E-03   7.6219197E-03 
   7.0310459E-03   6.4757518E-03   5.9546456E-03   5.4662712E-03 
   5.0091194E-03   4.5816437E-03   4.1822745E-03   3.8094255E-03 
   3.4615076E-03   3.1369328E-03   2.8341238E-03   2.5515158E-03 
   2.2875620E-03   2.0407354E-03   1.8095311E-03   1.5924674E-03 
   1.3880932E-03   1.1950032E-03   1.0118780E-03   8.3757582E-04 
   6.7131728E-04   5.1302393E-04   3.6385882E-04   2.2696142E-04 
   1.0824935E-04   1.7019562E-05  -3.3941607E-05  -3.3941607E-05
    0.000000       9.4004385E-03   1.8044852E-02   2.5628837E-02 
   3.1984527E-02   3.7061870E-02   4.0916871E-02   4.3683216E-02 
   4.5537338E-02   4.6666116E-02   4.7243044E-02   4.7414500E-02 
   4.7294967E-02   4.6968490E-02   4.6493527E-02   4.5908939E-02 
   4.5239642E-02   4.4501264E-02   4.3703608E-02   4.2853057E-02 
   4.1954108E-02   4.1010346E-02   4.0025007E-02   3.9001286E-02 
   3.7942469E-02   3.6852017E-02   3.5733581E-02   3.4590978E-02 
   3.3428200E-02   3.2249331E-02   3.1058559E-02   2.9860090E-02 
   2.8658127E-02   2.7456824E-02   2.6260234E-02   2.5072284E-02 
   2.3896726E-02   2.2737112E-02   2.1596758E-02   2.0478725E-02 
   1.9385809E-02   1.8320505E-02   1.7285021E-02   1.6281260E-02 
   1.5310827E-02   1.4375025E-02   1.3474875E-02   1.2611114E-02 
   1.1784218E-02   1.0994411E-02   1.0241686E-02   9.5258215E-03 
   8.8464003E-03   8.2028313E-03   7.5943647E-03   7.0201140E-03 
   6.4790733E-03   5.9701358E-03   5.4921093E-03   5.0437320E-03 
   4.6236883E-03   4.2306194E-03   3.8631365E-03   3.5198310E-03 
   3.1992830E-03   2.9000700E-03   2.6207713E-03   2.3599744E-03 
   2.1162785E-03   1.8882970E-03   1.6746594E-03   1.4740146E-03 
   1.2850360E-03   1.1064372E-03   9.3700906E-04   7.7570439E-04 
   6.2180945E-04   4.7525699E-04   3.3712661E-04   2.1032656E-04 
   1.0033894E-04   1.5782767E-05  -3.1473781E-05  -3.1473781E-05
    0.000000       8.3599808E-03   1.6051335E-02   2.2801949E-02 
   2.8461091E-02   3.2983135E-02   3.6417164E-02   3.8881730E-02 
   4.0533699E-02   4.1539446E-02   4.2053554E-02   4.2206541E-02 
   4.2100545E-02   4.1810613E-02   4.1388981E-02   4.0870413E-02 
   4.0277224E-02   3.9623439E-02   3.8917854E-02   3.8166191E-02 
   3.7372462E-02   3.6539841E-02   3.5671156E-02   3.4769163E-02 
   3.3836689E-02   3.2876682E-02   3.1892240E-02   3.0886607E-02 
   2.9863151E-02   2.8825343E-02   2.7776722E-02   2.6720859E-02 
   2.5661338E-02   2.4601698E-02   2.3545418E-02   2.2495877E-02 
   2.1456322E-02   2.0429840E-02   1.9419340E-02   1.8427525E-02 
   1.7456872E-02   1.6509630E-02   1.5587792E-02   1.4693110E-02 
   1.3827075E-02   1.2990929E-02   1.2185662E-02   1.1412025E-02 
   1.0670536E-02   9.9614905E-03   9.2849778E-03   8.6408937E-03 
   8.0289580E-03   7.4487254E-03   6.8996074E-03   6.3808854E-03 
   5.8917287E-03   5.4312074E-03   4.9983091E-03   4.5919521E-03 
   4.2109997E-03   3.8542701E-03   3.5205481E-03   3.2085956E-03 
   2.9171584E-03   2.6449752E-03   2.3907826E-03   2.1533195E-03 
   1.9313329E-03   1.7235784E-03   1.5288240E-03   1.3458524E-03 
   1.1734666E-03   1.0105036E-03   8.5586990E-04   7.0861727E-04 
   5.6810048E-04   4.3426242E-04   3.0809158E-04   1.9224521E-04 
   9.1732603E-05   1.4434750E-05  -2.8784516E-05  -2.8784516E-05
    0.000000       7.3369397E-03   1.4089811E-02   2.0018738E-02 
   2.4990398E-02   2.8963951E-02   3.1981967E-02   3.4148254E-02 
   3.5600454E-02   3.6484707E-02   3.6936894E-02   3.7071791E-02 
   3.6979273E-02   3.6725413E-02   3.6356237E-02   3.5902400E-02 
   3.5383597E-02   3.4812227E-02   3.4196064E-02   3.3540163E-02 
   3.2848064E-02   3.2122523E-02   3.1365998E-02   3.0580848E-02 
   2.9769480E-02   2.8934387E-02   2.8078184E-02   2.7203603E-02 
   2.6313473E-02   2.5410712E-02   2.4498299E-02   2.3579244E-02 
   2.2656567E-02   2.1733271E-02   2.0812307E-02   1.9896552E-02 
   1.8988792E-02   1.8091679E-02   1.7207731E-02   1.6339295E-02 
   1.5488546E-02   1.4657465E-02   1.3847831E-02   1.3061214E-02 
   1.2298973E-02   1.1562255E-02   1.0851992E-02   1.0168912E-02 
   9.5135393E-03   8.8862078E-03   8.2870685E-03   7.7161016E-03 
   7.1731280E-03   6.6578230E-03   6.1697294E-03   5.7082730E-03 
   5.2727726E-03   4.8624580E-03   4.4764779E-03   4.1139163E-03 
   3.7738022E-03   3.4551206E-03   3.1568219E-03   2.8778315E-03 
   2.6170572E-03   2.3733955E-03   2.1457381E-03   1.9329762E-03 
   1.7340040E-03   1.5477220E-03   1.3730387E-03   1.2088740E-03 
   1.0541641E-03   9.0787420E-04   7.6902995E-04   6.3678651E-04 
   5.1056937E-04   3.9033088E-04   2.7696090E-04   1.7284749E-04 
   8.2492981E-05   1.2985546E-05  -2.5893798E-05  -2.5893798E-05
    0.000000       6.3292962E-03   1.2156534E-02   1.7274046E-02 
   2.1566160E-02   2.4997167E-02   2.7603485E-02   2.9474510E-02 
   3.0728962E-02   3.1492986E-02   3.1883921E-02   3.2000933E-02 
   3.1921703E-02   3.1703368E-02   3.1385750E-02   3.0995395E-02 
   3.0549372E-02   3.0058432E-02   2.9529331E-02   2.8966449E-02 
   2.8372843E-02   2.7750889E-02   2.7102673E-02   2.6430201E-02 
   2.5735488E-02   2.5020624E-02   2.4287788E-02   2.3539254E-02 
   2.2777379E-02   2.2004582E-02   2.1223344E-02   2.0436171E-02 
   1.9645585E-02   1.8854089E-02   1.8064160E-02   1.7278219E-02 
   1.6498612E-02   1.5727589E-02   1.4967292E-02   1.4219728E-02 
   1.3486770E-02   1.2770128E-02   1.2071357E-02   1.1391834E-02 
   1.0732766E-02   1.0095180E-02   9.4799278E-03   8.8876840E-03 
   8.3189560E-03   7.7740839E-03   7.2532510E-03   6.7564938E-03 
   6.2837079E-03   5.8346624E-03   5.4090084E-03   5.0062919E-03 
   4.6259644E-03   4.2673936E-03   3.9298767E-03   3.6126478E-03 
   3.3148909E-03   3.0357477E-03   2.7743264E-03   2.5297098E-03 
   2.3009628E-03   2.0871370E-03   1.8872772E-03   1.7004256E-03 
   1.5256248E-03   1.3619205E-03   1.2083643E-03   1.0640153E-03 
   9.2794647E-04   7.9925451E-04   6.7708822E-04   5.6070916E-04 
   4.4961588E-04   3.4376909E-04   2.4395330E-04   1.5227092E-04 
   7.2686482E-05   1.1445848E-05  -2.2822916E-05  -2.2822916E-05
    0.000000       5.3350842E-03   1.0247794E-02   1.4562696E-02 
   1.8182052E-02   2.1075597E-02   2.3273908E-02   2.4852255E-02 
   2.5910677E-02   2.6555512E-02   2.6885713E-02   2.6984937E-02 
   2.6918745E-02   2.6735365E-02   2.6468441E-02   2.6140407E-02 
   2.5765710E-02   2.5353443E-02   2.4909336E-02   2.4437094E-02 
   2.3939300E-02   2.3417953E-02   2.2874799E-02   2.2311490E-02 
   2.1729698E-02   2.1131141E-02   2.0517601E-02   1.9890938E-02 
   1.9253077E-02   1.8605998E-02   1.7951725E-02   1.7292310E-02 
   1.6629813E-02   1.5966296E-02   1.5303789E-02   1.4644288E-02 
   1.3989735E-02   1.3341997E-02   1.2702854E-02   1.2073988E-02 
   1.1456968E-02   1.0853242E-02   1.0264126E-02   9.6907998E-03 
   9.1343010E-03   8.5955225E-03   8.0752149E-03   7.5739794E-03 
   7.0922798E-03   6.6304412E-03   6.1886553E-03   5.7669897E-03 
   5.3653941E-03   4.9837083E-03   4.6216715E-03   4.2789308E-03 
   3.9550513E-03   3.6495260E-03   3.3617837E-03   3.0911979E-03 
   2.8370968E-03   2.5987697E-03   2.3754761E-03   2.1664500E-03 
   1.9709086E-03   1.7880559E-03   1.6170882E-03   1.4571972E-03 
   1.3075738E-03   1.1674099E-03   1.0359014E-03   9.1224920E-04 
   7.9566491E-04   6.8538002E-04   5.8066944E-04   4.8090424E-04 
   3.8565748E-04   2.9489741E-04   2.0929737E-04   1.3065942E-04 
   6.2382722E-05   9.8269566E-06  -1.9594379E-05  -1.9594379E-05
    0.000000       4.3523870E-03   8.3598606E-03   1.1879435E-02 
   1.4831658E-02   1.7192010E-02   1.8985448E-02   2.0273330E-02 
   2.1137184E-02   2.1663705E-02   2.1933580E-02   2.2015054E-02 
   2.1961618E-02   2.1812648E-02   2.1595621E-02   2.1328872E-02 
   2.1024218E-02   2.0689106E-02   2.0328226E-02   1.9944616E-02 
   1.9540386E-02   1.9117165E-02   1.8676369E-02   1.8219328E-02 
   1.7747382E-02   1.7261902E-02   1.6764311E-02   1.6256092E-02 
   1.5738770E-02   1.5213923E-02   1.4683157E-02   1.4148105E-02 
   1.3610410E-02   1.3071711E-02   1.2533634E-02   1.1997777E-02 
   1.1465695E-02   1.0938892E-02   1.0418804E-02   9.9067939E-03 
   9.4041349E-03   8.9120101E-03   8.4314980E-03   7.9635708E-03 
   7.5090881E-03   7.0687965E-03   6.6433260E-03   6.2331916E-03 
   5.8387942E-03   5.4604239E-03   5.0982623E-03   4.7523901E-03 
   4.4227904E-03   4.1093561E-03   3.8118968E-03   3.5301456E-03 
   3.2637671E-03   3.0123640E-03   2.7754861E-03   2.5526357E-03 
   2.3432760E-03   2.1468366E-03   1.9627204E-03   1.7903090E-03 
   1.6289675E-03   1.4780492E-03   1.3368996E-03   1.2048595E-03 
   1.0812674E-03   9.6546212E-04   8.5678452E-04   7.5457920E-04 
   6.5819861E-04   5.6701095E-04   4.8042016E-04   3.9790888E-04 
   3.1912629E-04   2.4404758E-04   1.7322967E-04   1.0816184E-04 
   5.1653878E-05   8.1407325E-06  -1.6231796E-05  -1.6231796E-05
    0.000000       3.3792823E-03   6.4888424E-03   9.2188008E-03 
   1.1508442E-02   1.3339159E-02   1.4730411E-02   1.5729735E-02 
   1.6400285E-02   1.6809227E-02   1.7019097E-02   1.7082805E-02 
   1.7041847E-02   1.6926778E-02   1.6758937E-02   1.6552573E-02 
   1.6316876E-02   1.6057642E-02   1.5778527E-02   1.5481901E-02 
   1.5169405E-02   1.4842304E-02   1.4501688E-02   1.4148586E-02 
   1.3784021E-02   1.3409042E-02   1.3024732E-02   1.2632218E-02 
   1.2232663E-02   1.1827264E-02   1.1417244E-02   1.1003844E-02 
   1.0588313E-02   1.0171901E-02   9.7558508E-03   9.3413806E-03 
   8.9296829E-03   8.5219108E-03   8.1191687E-03   7.7225077E-03 
   7.3329131E-03   6.9513009E-03   6.5785116E-03   6.2153051E-03 
   5.8623566E-03   5.5202553E-03   5.1895017E-03   4.8705088E-03 
   4.5636026E-03   4.2690220E-03   3.9869249E-03   3.7173883E-03 
   3.4604140E-03   3.2159341E-03   2.9838143E-03   2.7638609E-03 
   2.5558248E-03   2.3594094E-03   2.1742743E-03   2.0000418E-03 
   1.8363027E-03   1.6826201E-03   1.5385358E-03   1.4035736E-03 
   1.2772433E-03   1.1590450E-03   1.0484719E-03   9.4501220E-04 
   8.4815227E-04   7.5737777E-04   6.7217537E-04   5.9203437E-04 
   5.1644957E-04   4.4492810E-04   3.7700459E-04   3.1227522E-04 
   2.5046652E-04   1.9156000E-04   1.3599244E-04   8.4930121E-05 
   4.0573494E-05   6.3994780E-06  -1.2759660E-05  -1.2759660E-05
    0.000000       2.4135986E-03   4.6303179E-03   6.5749423E-03 
   8.2057519E-03   9.5099388E-03   1.0501374E-02   1.1213813E-02 
   1.1692124E-02   1.1984065E-02   1.2134133E-02   1.2179999E-02 
   1.2151221E-02   1.2069585E-02   1.1950310E-02   1.1803573E-02 
   1.1635941E-02   1.1451564E-02   1.1253061E-02   1.1042128E-02 
   1.0819943E-02   1.0587409E-02   1.0345303E-02   1.0094352E-02 
   9.8352823E-03   9.5688310E-03   9.2957616E-03   9.0168659E-03 
   8.7329615E-03   8.4448876E-03   8.1535038E-03   7.8596817E-03 
   7.5642997E-03   7.2682370E-03   6.9723669E-03   6.6775503E-03 
   6.3846274E-03   6.0944138E-03   5.8076927E-03   5.5252081E-03 
   5.2476614E-03   4.9757054E-03   4.7099409E-03   4.4509112E-03 
   4.1991035E-03   3.9549414E-03   3.7187892E-03   3.4909479E-03 
   3.2716570E-03   3.0610955E-03   2.8593834E-03   2.6665840E-03 
   2.4827069E-03   2.3077112E-03   2.1415085E-03   1.9839676E-03 
   1.8349176E-03   1.6941525E-03   1.5614349E-03   1.4365003E-03 
   1.3190603E-03   1.2088071E-03   1.1054164E-03   1.0085508E-03 
   9.1786229E-04   8.3299546E-04   7.5358932E-04   6.7927921E-04 
   6.0969853E-04   5.4447999E-04   4.8325659E-04   4.2566302E-04 
   3.7133787E-04   3.1992819E-04   2.7110087E-04   2.2456706E-04 
   1.8013132E-04   1.3778132E-04   9.7830947E-05   6.1116458E-05 
   2.9214110E-05   4.6154682E-06  -9.2024056E-06  -9.2024056E-06
    0.000000       1.4519606E-03   2.7786519E-03   3.9416021E-03 
   4.9171909E-03   5.6977994E-03   6.2915548E-03   6.7184907E-03 
   7.0053409E-03   7.1806107E-03   7.2708912E-03   7.2987122E-03 
   7.2817681E-03   7.2331098E-03   7.1618650E-03   7.0741414E-03 
   6.9738873E-03   6.8636015E-03   6.7448597E-03   6.6186870E-03 
   6.4857919E-03   6.3467179E-03   6.2019308E-03   6.0518673E-03 
   5.8969581E-03   5.7376428E-03   5.5743754E-03   5.4076253E-03 
   5.2378783E-03   5.0656321E-03   4.8913960E-03   4.7156881E-03 
   4.5390292E-03   4.3619419E-03   4.1849450E-03   4.0085502E-03 
   3.8332576E-03   3.6595536E-03   3.4879046E-03   3.3187554E-03 
   3.1525258E-03   2.9896062E-03   2.8303573E-03   2.6751061E-03 
   2.5241449E-03   2.3777310E-03   2.2360841E-03   2.0993878E-03 
   1.9677884E-03   1.8413962E-03   1.7202866E-03   1.6045005E-03 
   1.4940470E-03   1.3889045E-03   1.2890234E-03   1.1943275E-03 
   1.1047171E-03   1.0200711E-03   9.4024936E-04   8.6509506E-04 
   7.9443713E-04   7.2809245E-04   6.6586764E-04   6.0756138E-04 
   5.5296579E-04   5.0186837E-04   4.5405288E-04   4.0930093E-04 
   3.6739270E-04   3.2810785E-04   2.9122605E-04   2.5652803E-04 
   2.2379664E-04   1.9281991E-04   1.6339780E-04   1.3535701E-04 
   1.0858067E-04   8.3062121E-05   5.8990783E-05   3.6869191E-05 
   1.7641960E-05   2.7984238E-06  -5.5793971E-06  -5.5793971E-06
    0.000000       4.8580411E-04   9.2686282E-04   1.3133803E-03 
   1.6378388E-03   1.8976183E-03   2.0953279E-03   2.2375712E-03 
   2.3332054E-03   2.3916936E-03   2.4218734E-03   2.4312376E-03 
   2.4256757E-03   2.4095345E-03   2.3858573E-03   2.3566813E-03 
   2.3233257E-03   2.2866256E-03   2.2471084E-03   2.2051174E-03 
   2.1608893E-03   2.1146066E-03   2.0664243E-03   2.0164878E-03 
   1.9649407E-03   1.9119284E-03   1.8576019E-03   1.8021169E-03 
   1.7456340E-03   1.6883187E-03   1.6303398E-03   1.5718685E-03 
   1.5130780E-03   1.4541412E-03   1.3952304E-03   1.3365154E-03 
   1.2781624E-03   1.2203326E-03   1.1631812E-03   1.1068560E-03 
   1.0514968E-03   9.9723355E-04   9.4418653E-04   8.9246471E-04 
   8.4216590E-04   7.9337595E-04   7.4616855E-04   7.0060522E-04 
   6.5673521E-04   6.1459583E-04   5.7421270E-04   5.3559995E-04 
   4.9876125E-04   4.6368982E-04   4.3036963E-04   3.9877585E-04 
   3.6887563E-04   3.4062908E-04   3.1398979E-04   2.8890593E-04 
   2.6532073E-04   2.4317340E-04   2.2239976E-04   2.0293283E-04 
   1.8470355E-04   1.6764110E-04   1.5167356E-04   1.3672818E-04 
   1.2273170E-04   1.0961069E-04   9.7291697E-05   8.5701606E-05 
   7.4767988E-05   6.4420194E-05   5.4591528E-05   4.5224289E-05 
   3.6279667E-05   2.7755703E-05   1.9715832E-05   1.2327654E-05 
   5.9051736E-06   9.4128262E-07  -1.8766461E-06  -1.8766461E-06
    0.000000        0.000000        0.000000        0.000000     
    0.000000        0.000000        0.000000        0.000000     
    0.000000        0.000000        0.000000        0.000000     
    0.000000        0.000000        0.000000        0.000000     
    0.000000        0.000000        0.000000        0.000000     
    0.000000        0.000000        0.000000        0.000000     
    0.000000        0.000000        0.000000        0.000000     
    0.000000        0.000000        0.000000        0.000000     
    0.000000        0.000000        0.000000        0.000000     
    0.000000        0.000000        0.000000        0.000000     
    0.000000        0.000000        0.000000        0.000000     
    0.000000        0.000000        0.000000        0.000000     
    0.000000        0.000000        0.000000        0.000000     
    0.000000        0.000000        0.000000        0.000000     
    0.000000        0.000000        0.000000        0.000000     
    0.000000        0.000000        0.000000        0.000000     
    0.000000        0.000000        0.000000        0.000000     
    0.000000        0.000000        0.000000        0.000000     
    0.000000        0.000000        0.000000        0.000000     
    0.000000        0.000000        0.000000        0.000000     
    0.000000        0.000000        0.000000        0.000000    
