   0.5000000       0.4977993       0.4915341       0.4818380     
   0.4692614       0.4542634       0.4372031       0.4183335     
   0.3978034       0.3756698       0.3519186       0.3264934     
   0.2993324       0.2704137       0.2398102       0.2077532     
   0.1746991       0.1413895       0.1088859       7.8558028E-02 
   5.2000567E-02   3.0867312E-02   1.6632903E-02   1.0330210E-02 
   8.8574719E-03   8.1296442E-03   7.4518099E-03   6.7446432E-03 
   6.0315761E-03   5.3437315E-03   4.7033778E-03   4.1229571E-03 
   3.6072172E-03   3.1556403E-03   2.7644911E-03   2.4283428E-03 
   2.1411122E-03   1.8967029E-03   1.6893707E-03   1.5139033E-03 
   1.3656825E-03   1.2406793E-03   1.1354130E-03   1.0468964E-03 
   9.7257708E-04   9.1027934E-04   8.5815234E-04   8.1462262E-04 
   7.7835348E-04   7.4820942E-04   7.2322646E-04   7.0258632E-04 
   6.8559468E-04   6.7166303E-04   6.6029269E-04   6.5106194E-04 
   6.4361433E-04   6.3764927E-04   6.3291338E-04   6.2919362E-04 
   6.2631129E-04   6.2411651E-04   6.2248408E-04   6.2130950E-04 
   6.2050589E-04   6.2000100E-04   6.1973493E-04   6.1965815E-04 
   6.1972975E-04   6.1991566E-04   6.2018773E-04   6.2052242E-04 
   6.2089955E-04   6.2130176E-04   6.2171341E-04   6.2211975E-04 
   6.2250649E-04   6.2285917E-04   6.2316301E-04   6.2340347E-04 
   6.2356709E-04   6.2364351E-04   6.2362815E-04   6.2365888E-04
   0.5000000       0.4977993       0.4915341       0.4818380     
   0.4692614       0.4542634       0.4372031       0.4183335     
   0.3978034       0.3756698       0.3519186       0.3264934     
   0.2993324       0.2704137       0.2398102       0.2077532     
   0.1746991       0.1413895       0.1088859       7.8558028E-02 
   5.2000567E-02   3.0867312E-02   1.6632903E-02   1.0330210E-02 
   8.8574719E-03   8.1296442E-03   7.4518099E-03   6.7446432E-03 
   6.0315761E-03   5.3437315E-03   4.7033778E-03   4.1229571E-03 
   3.6072172E-03   3.1556403E-03   2.7644911E-03   2.4283428E-03 
   2.1411122E-03   1.8967029E-03   1.6893707E-03   1.5139033E-03 
   1.3656825E-03   1.2406793E-03   1.1354130E-03   1.0468964E-03 
   9.7257708E-04   9.1027934E-04   8.5815234E-04   8.1462262E-04 
   7.7835348E-04   7.4820942E-04   7.2322646E-04   7.0258632E-04 
   6.8559468E-04   6.7166303E-04   6.6029269E-04   6.5106194E-04 
   6.4361433E-04   6.3764927E-04   6.3291338E-04   6.2919362E-04 
   6.2631129E-04   6.2411651E-04   6.2248408E-04   6.2130950E-04 
   6.2050589E-04   6.2000100E-04   6.1973493E-04   6.1965815E-04 
   6.1972975E-04   6.1991566E-04   6.2018773E-04   6.2052242E-04 
   6.2089955E-04   6.2130176E-04   6.2171341E-04   6.2211975E-04 
   6.2250649E-04   6.2285917E-04   6.2316301E-04   6.2340347E-04 
   6.2356709E-04   6.2364351E-04   6.2362815E-04   6.2365888E-04
   0.5000000       0.4978619       0.4917403       0.4822212     
   0.4698519       0.4550926       0.4383018       0.4197304     
   0.3995239       0.3777345       0.3543404       0.3292740     
   0.3024565       0.2738424       0.2434736       0.2115436     
   0.1784689       0.1449561       0.1120508       8.1141040E-02 
   5.3888902E-02   3.2066174E-02   1.7291743E-02   1.0710617E-02 
   9.1255698E-03   8.3028581E-03   7.5372490E-03   6.7574941E-03 
   5.9915660E-03   5.2701626E-03   4.6122451E-03   4.0260223E-03 
   3.5122668E-03   3.0672690E-03   2.6849851E-03   2.3584578E-03 
   2.0806731E-03   1.8450263E-03   1.6455395E-03   1.4769356E-03 
   1.3346268E-03   1.2146640E-03   1.1136654E-03   1.0287461E-03 
   9.5744961E-04   8.9768664E-04   8.4768201E-04   8.0592732E-04 
   7.7114115E-04   7.4223493E-04   7.1828411E-04   6.9850375E-04 
   6.8222737E-04   6.6889008E-04   6.5801293E-04   6.4919074E-04 
   6.4208120E-04   6.3639524E-04   6.3188939E-04   6.2835898E-04 
   6.2563200E-04   6.2356453E-04   6.2203623E-04   6.2094664E-04 
   6.2021217E-04   6.1976351E-04   6.1954313E-04   6.1950344E-04 
   6.1960507E-04   6.1981549E-04   6.2010763E-04   6.2045897E-04 
   6.2085025E-04   6.2126480E-04   6.2168756E-04   6.2210439E-04 
   6.2250136E-04   6.2286400E-04   6.2317745E-04   6.2342634E-04 
   6.2359631E-04   6.2367588E-04   6.2365987E-04   6.2369189E-04
   0.5000000       0.4979392       0.4920370       0.4828513     
   0.4709043       0.4566407       0.4404094       0.4224544     
   0.4029152       0.3818367       0.3591858       0.3348767     
   0.3088014       0.2808709       0.2510658       0.2195012     
   0.1865027       0.1526889       0.1190461       8.6971052E-02 
   5.8242895E-02   3.4880362E-02   1.8841794E-02   1.1576823E-02 
   9.7040460E-03   8.6512994E-03   7.6876953E-03   6.7542852E-03 
   5.8831889E-03   5.0997371E-03   4.4130795E-03   3.8211555E-03 
   3.3160395E-03   2.8875207E-03   2.5251280E-03   2.2191261E-03 
   1.9609104E-03   1.7430751E-03   1.5593339E-03   1.4043854E-03 
   1.2737705E-03   1.1637375E-03   1.0711250E-03   9.9326251E-04 
   9.2789019E-04   8.7309250E-04   8.2724442E-04   7.8896596E-04 
   7.5708434E-04   7.3060289E-04   7.0867437E-04   6.9057866E-04 
   6.7570421E-04   6.6353189E-04   6.5362157E-04   6.4560055E-04 
   6.3915370E-04   6.3401501E-04   6.2996027E-04   6.2680093E-04 
   6.2437868E-04   6.2256085E-04   6.2123669E-04   6.2031357E-04 
   6.1971473E-04   6.1937631E-04   6.1924534E-04   6.1927823E-04 
   6.1943877E-04   6.1969715E-04   6.2002870E-04   6.2041264E-04 
   6.2083150E-04   6.2127016E-04   6.2171480E-04   6.2215241E-04 
   6.2256964E-04   6.2295253E-04   6.2328548E-04   6.2355195E-04 
   6.2373531E-04   6.2382151E-04   6.2380417E-04   6.2383886E-04
   0.5000000       0.4980469       0.4924535       0.4837461     
   0.4724167       0.4588870       0.4434901       0.4264598     
   0.4079286       0.3879339       0.3664319       0.3433165     
   0.3184450       0.2916715       0.2628914       0.2321015     
   0.1994779       0.1654737       0.1309294       9.7178966E-02 
   6.6110618E-02   4.0105600E-02   2.1737784E-02   1.3126947E-02 
   1.0656389E-02   9.1552492E-03   7.8425528E-03   6.6644191E-03 
   5.6435182E-03   4.7843275E-03   4.0731477E-03   3.4885092E-03 
   3.0081857E-03   2.6124166E-03   2.2848609E-03   2.0124777E-03 
   1.7850086E-03   1.5943972E-03   1.4342732E-03   1.2995452E-03 
   1.1860953E-03   1.0905544E-03   1.0101349E-03   9.4250904E-04 
   8.8571891E-04   8.3810964E-04   7.9827791E-04   7.6503120E-04 
   7.3735480E-04   7.1438483E-04   6.9538562E-04   6.7973096E-04 
   6.6688820E-04   6.5640453E-04   6.4789579E-04   6.4103620E-04 
   6.3555018E-04   6.3120498E-04   6.2780420E-04   6.2518287E-04 
   6.2320224E-04   6.2174624E-04   6.2071771E-04   6.2003586E-04 
   6.1963330E-04   6.1945437E-04   6.1945285E-04   6.1959063E-04 
   6.1983633E-04   6.2016398E-04   6.2055216E-04   6.2098313E-04 
   6.2144187E-04   6.2191533E-04   6.2239170E-04   6.2285957E-04 
   6.2330702E-04   6.2372041E-04   6.2408386E-04   6.2437839E-04 
   6.2458363E-04   6.2468095E-04   6.2466133E-04   6.2470062E-04
   0.5000000       0.4981860       0.4929892       0.4848963     
   0.4743641       0.4617872       0.4474806       0.4316676     
   0.4144752       0.3959380       0.3760070       0.3545623     
   0.3314315       0.3064120       0.2793040       0.2499575     
   0.2183418       0.1846457       0.1494176       0.1137492     
   7.9485081E-02   4.9378801E-02   2.6970595E-02   1.5767202E-02 
   1.2058082E-02   9.7285267E-03   7.8630699E-03   6.3549085E-03 
   5.1692864E-03   4.2544762E-03   3.5517020E-03   3.0083044E-03 
   2.5827317E-03   2.2443063E-03   1.9710979E-03   1.7476035E-03 
   1.5628221E-03   1.4088303E-03   1.2797895E-03   1.1712810E-03 
   1.0798684E-03   1.0028129E-03   9.3788333E-04   8.8323076E-04 
   8.3730329E-04   7.9878734E-04   7.6656538E-04   7.3968398E-04 
   7.1732851E-04   6.9880270E-04   6.8351172E-04   6.7094766E-04 
   6.6067732E-04   6.5233180E-04   6.4559735E-04   6.4020767E-04 
   6.3593726E-04   6.3259533E-04   6.3002110E-04   6.2807911E-04 
   6.2665570E-04   6.2565564E-04   6.2499940E-04   6.2462082E-04 
   6.2446477E-04   6.2448572E-04   6.2464603E-04   6.2491471E-04 
   6.2526629E-04   6.2567991E-04   6.2613830E-04   6.2662736E-04 
   6.2713522E-04   6.2765164E-04   6.2816753E-04   6.2867370E-04 
   6.2916015E-04   6.2961451E-04   6.3002034E-04   6.3035579E-04 
   6.3059427E-04   6.3070911E-04   6.3068571E-04   6.3073245E-04
   0.5000000       0.4983532       0.4936323       0.4862754     
   0.4766997       0.4652704       0.4522838       0.4379547     
   0.4224100       0.4056898       0.3877518       0.3684787     
   0.3476868       0.3251369       0.3005500       0.2736320     
   0.2441176       0.2118451       0.1768877       0.1397795     
   0.1018898       6.5975867E-02   3.6725413E-02   2.0329906E-02 
   1.3924886E-02   1.0133438E-02   7.4935458E-03   5.6327377E-03 
   4.3444256E-03   3.4581372E-03   2.8410922E-03   2.4001210E-03 
   2.0742808E-03   1.8251212E-03   1.6286521E-03   1.4698207E-03 
   1.3390090E-03   1.2298870E-03   1.1381194E-03   1.0605957E-03 
   9.9497614E-04   9.3942328E-04   8.9244358E-04   8.5279037E-04 
   8.1940496E-04   7.9137937E-04   7.6793099E-04   7.4838422E-04 
   7.3215598E-04   7.1874360E-04   7.0771470E-04   6.9869793E-04 
   6.9137511E-04   6.8547443E-04   6.8076380E-04   6.7704590E-04 
   6.7415333E-04   6.7194423E-04   6.7029899E-04   6.6911668E-04 
   6.6831271E-04   6.6781620E-04   6.6756795E-04   6.6751876E-04 
   6.6762778E-04   6.6786126E-04   6.6819153E-04   6.6859572E-04 
   6.6905533E-04   6.6955510E-04   6.7008281E-04   6.7062839E-04 
   6.7118363E-04   6.7174179E-04   6.7229680E-04   6.7284261E-04 
   6.7337207E-04   6.7387486E-04   6.7433476E-04   6.7472638E-04 
   6.7501387E-04   6.7515601E-04   6.7512644E-04   6.7518558E-04
   0.5000000       0.4985436       0.4943639       0.4878440     
   0.4793573       0.4692381       0.4577649       0.4451471     
   0.4315187       0.4169365       0.4013818       0.3847635     
   0.3669192       0.3476148       0.3265431       0.3033222     
   0.2774993       0.2485689       0.2160269       0.1795122     
   0.1391650       9.6498556E-02   5.6269094E-02   2.8884012E-02 
   1.6226534E-02   1.0107539E-02   6.5747900E-03   4.4993400E-03 
   3.3071130E-03   2.6221077E-03   2.2149424E-03   1.9574130E-03 
   1.7815039E-03   1.6518929E-03   1.5502262E-03   1.4668236E-03 
   1.3964423E-03   1.3361194E-03   1.2840594E-03   1.2390615E-03 
   1.2002290E-03   1.1668274E-03   1.1382159E-03   1.1138187E-03 
   1.0931125E-03   1.0756226E-03   1.0609211E-03   1.0486253E-03 
   1.0383956E-03   1.0299329E-03   1.0229760E-03   1.0172972E-03 
   1.0126997E-03   1.0090135E-03   1.0060931E-03   1.0038135E-03 
   1.0020683E-03   1.0007670E-03   9.9983299E-04   9.9920144E-04 
   9.9881762E-04   9.9863601E-04   9.9861796E-04   9.9873182E-04 
   9.9895103E-04   9.9925348E-04   9.9962146E-04   1.0000401E-03 
   1.0004974E-03   1.0009838E-03   1.0014913E-03   1.0020143E-03 
   1.0025477E-03   1.0030881E-03   1.0036324E-03   1.0041785E-03 
   1.0047227E-03   1.0052579E-03   1.0057697E-03   1.0062286E-03 
   1.0065846E-03   1.0067694E-03   1.0067291E-03   1.0068098E-03
   0.5000000       0.4987511       0.4951610       0.4895533     
   0.4822547       0.4735677       0.4637535       0.4530201     
   0.4415148       0.4293223       0.4164652       0.4029047     
   0.3885382       0.3731931       0.3566143       0.3384440     
   0.3181942       0.2952088       0.2686123       0.2372400     
   0.1995754       0.1539237       0.1001651       4.9981080E-02 
   2.1969311E-02   1.2137864E-02   7.3474487E-03   5.2173845E-03 
   4.3671466E-03   4.0515969E-03   3.9379541E-03   3.8936606E-03 
   3.8695638E-03   3.8487245E-03   3.8261937E-03   3.8013349E-03 
   3.7749175E-03   3.7480111E-03   3.7215713E-03   3.6963110E-03 
   3.6726929E-03   3.6509687E-03   3.6312318E-03   3.6134655E-03 
   3.5975825E-03   3.5834562E-03   3.5709401E-03   3.5598821E-03 
   3.5501332E-03   3.5415522E-03   3.5340090E-03   3.5273845E-03 
   3.5215723E-03   3.5164771E-03   3.5120142E-03   3.5081091E-03 
   3.5046963E-03   3.5017179E-03   3.4991235E-03   3.4968685E-03 
   3.4949146E-03   3.4932278E-03   3.4917786E-03   3.4905414E-03 
   3.4894936E-03   3.4886159E-03   3.4878918E-03   3.4873062E-03 
   3.4868470E-03   3.4865038E-03   3.4862673E-03   3.4861304E-03 
   3.4860871E-03   3.4861332E-03   3.4862657E-03   3.4864834E-03 
   3.4867844E-03   3.4871651E-03   3.4876103E-03   3.4880824E-03 
   3.4885043E-03   3.4887493E-03   3.4886897E-03   3.4888086E-03
   0.5000000       0.4989688       0.4959977       0.4913483     
   0.4852985       0.4781181       0.4700518       0.4613074     
   0.4520500       0.4423997       0.4324326       0.4221824     
   0.4116385       0.4007397       0.3893613       0.3772938     
   0.3642139       0.3496479       0.3329244       0.3131088     
   0.2888683       0.2580468       0.2159004       0.1469500     
   7.7584192E-02   4.3364789E-02   3.1346917E-02   2.7351294E-02 
   2.5879676E-02   2.5202500E-02   2.4805153E-02   2.4526250E-02 
   2.4306705E-02   2.4120543E-02   2.3955021E-02   2.3803776E-02 
   2.3663737E-02   2.3533488E-02   2.3412362E-02   2.3299949E-02 
   2.3195896E-02   2.3099804E-02   2.3011230E-02   2.2929695E-02 
   2.2854704E-02   2.2785772E-02   2.2722431E-02   2.2664238E-02 
   2.2610782E-02   2.2561682E-02   2.2516593E-02   2.2475192E-02 
   2.2437191E-02   2.2402320E-02   2.2370337E-02   2.2341017E-02 
   2.2314159E-02   2.2289578E-02   2.2267098E-02   2.2246564E-02 
   2.2227833E-02   2.2210773E-02   2.2195261E-02   2.2181187E-02 
   2.2168448E-02   2.2156952E-02   2.2146612E-02   2.2137353E-02 
   2.2129105E-02   2.2121806E-02   2.2115396E-02   2.2109831E-02 
   2.2105062E-02   2.2101058E-02   2.2097787E-02   2.2095226E-02 
   2.2093354E-02   2.2092141E-02   2.2091541E-02   2.2091459E-02 
   2.2091703E-02   2.2091962E-02   2.2091875E-02   2.2092048E-02
   0.5000000       0.4991897       0.4968470       0.4931707     
   0.4883897       0.4827396       0.4764473       0.4697203     
   0.4627407       0.4556650       0.4486260       0.4417361     
   0.4350883       0.4287537       0.4227729       0.4171419     
   0.4117941       0.4065814       0.4012624       0.3955005     
   0.3888526       0.3806504       0.3694440       0.3512933     
   0.3171703       0.2749391       0.2417404       0.2195063     
   0.2052922       0.1961339       0.1900217       0.1857427     
   0.1825882       0.1801444       0.1781667       0.1765085     
   0.1750803       0.1738266       0.1727115       0.1717110     
   0.1708081       0.1699901       0.1692470       0.1685706     
   0.1679538       0.1673908       0.1668762       0.1664055     
   0.1659747       0.1655801       0.1652186       0.1648873     
   0.1645835       0.1643051       0.1640500       0.1638161     
   0.1636020       0.1634059       0.1632265       0.1630625     
   0.1629128       0.1627762       0.1626519       0.1625388     
   0.1624362       0.1623433       0.1622595       0.1621842     
   0.1621167       0.1620566       0.1620034       0.1619568     
   0.1619164       0.1618818       0.1618529       0.1618293     
   0.1618109       0.1617975       0.1617886       0.1617836     
   0.1617816       0.1617813       0.1617812       0.1617813    
   0.5000000       0.4994068       0.4976823       0.4949640     
   0.4914314       0.4872846       0.4827306       0.4779722     
   0.4732042       0.4686129       0.4643796       0.4606853     
   0.4577140       0.4556525       0.4546854       0.4549824     
   0.4566799       0.4598552       0.4644924       0.4704262     
   0.4772182       0.4838544       0.4880751       0.4853162     
   0.4689057       0.4409839       0.4116638       0.3866784     
   0.3673355       0.3529268       0.3422569       0.3342508     
   0.3280989       0.3232354       0.3192785       0.3159739     
   0.3131528       0.3107021       0.3085446       0.3066266     
   0.3049092       0.3033631       0.3019657       0.3006989     
   0.2995477       0.2984996       0.2975438       0.2966712     
   0.2958736       0.2951440       0.2944762       0.2938648     
   0.2933046       0.2927915       0.2923213       0.2918906     
   0.2914962       0.2911352       0.2908048       0.2905028     
   0.2902270       0.2899753       0.2897460       0.2895374     
   0.2893479       0.2891763       0.2890212       0.2888815     
   0.2887562       0.2886444       0.2885452       0.2884579     
   0.2883818       0.2883164       0.2882612       0.2882157     
   0.2881795       0.2881521       0.2881330       0.2881212     
   0.2881153       0.2881135       0.2881137       0.2881133    
   0.5000000       0.4996140       0.4984798       0.4966767     
   0.4943356       0.4916198       0.4887123       0.4858057     
   0.4830984       0.4807944       0.4791069       0.4782631     
   0.4785070       0.4801000       0.4833131       0.4884107     
   0.4956203       0.5050852       0.5167907       0.5304500     
   0.5453174       0.5599007       0.5716079       0.5766652     
   0.5713940       0.5563600       0.5363827       0.5159687     
   0.4976337       0.4822268       0.4696798       0.4595609     
   0.4513710       0.4446664       0.4390942       0.4343878     
   0.4303519       0.4268445       0.4237625       0.4210300     
   0.4185903       0.4163998       0.4144247       0.4126376     
   0.4110161       0.4095417       0.4081986       0.4069734     
   0.4058543       0.4048312       0.4038952       0.4030383     
   0.4022536       0.4015349       0.4008764       0.4002733     
   0.3997210       0.3992154       0.3987527       0.3983296     
   0.3979431       0.3975903       0.3972687       0.3969759     
   0.3967099       0.3964688       0.3962507       0.3960540     
   0.3958774       0.3957195       0.3955792       0.3954553     
   0.3953471       0.3952536       0.3951742       0.3951083     
   0.3950552       0.3950143       0.3949850       0.3949660     
   0.3949558       0.3949522       0.3949526       0.3949518    
   0.5000000       0.4998060       0.4992196       0.4982663     
   0.4970298       0.4956354       0.4942381       0.4930133     
   0.4921523       0.4918621       0.4923675       0.4939139     
   0.4967693       0.5012212       0.5075653       0.5160822     
   0.5269972       0.5404165       0.5562365       0.5740176     
   0.5928272       0.6110772       0.6264624       0.6362450     
   0.6382483       0.6324583       0.6211147       0.6070643     
   0.5925638       0.5789613       0.5668582       0.5563875     
   0.5474414       0.5398178       0.5332986       0.5276858     
   0.5228134       0.5185481       0.5147849       0.5114415     
   0.5084534       0.5057698       0.5033498       0.5011602     
   0.4991738       0.4973675       0.4957221       0.4942210     
   0.4928498       0.4915962       0.4904491       0.4893988     
   0.4884369       0.4875557       0.4867483       0.4860085     
   0.4853309       0.4847105       0.4841426       0.4836231     
   0.4831484       0.4827149       0.4823196       0.4819596     
   0.4816323       0.4813353       0.4810666       0.4808240     
   0.4806060       0.4804108       0.4802370       0.4800834     
   0.4799488       0.4798323       0.4797328       0.4796498     
   0.4795824       0.4795299       0.4794915       0.4794661     
   0.4794520       0.4794468       0.4794475       0.4794461    
   0.5000000       0.4999790       0.4998871       0.4997012     
   0.4994604       0.4992514       0.4991975       0.4994502     
   0.5001836       0.5015933       0.5038962       0.5073311     
   0.5121576       0.5186493       0.5270795       0.5376929     
   0.5506619       0.5660215       0.5835831       0.6028326     
   0.6228301       0.6421530       0.6589653       0.6713255     
   0.6777949       0.6781210       0.6733211       0.6650642     
   0.6550058       0.6444255       0.6341491       0.6246225     
   0.6160277       0.6083875       0.6016417       0.5956949     
   0.5904438       0.5857913       0.5816517       0.5779522     
   0.5746323       0.5716417       0.5689389       0.5664892     
   0.5642636       0.5622374       0.5603899       0.5587028     
   0.5571604       0.5557492       0.5544571       0.5532734     
   0.5521886       0.5511943       0.5502828       0.5494473     
   0.5486817       0.5479802       0.5473379       0.5467502     
   0.5462129       0.5457219       0.5452741       0.5448660     
   0.5444947       0.5441577       0.5438526       0.5435770     
   0.5433289       0.5431067       0.5429086       0.5427333     
   0.5425794       0.5424457       0.5423313       0.5422354     
   0.5421572       0.5420958       0.5420504       0.5420200     
   0.5420027       0.5419962       0.5419971       0.5419953    
   0.5000000       0.5001307       0.5004730       0.5009618     
   0.5015944       0.5024194       0.5035262       0.5050366     
   0.5070998       0.5098884       0.5135965       0.5184380     
   0.5246414       0.5324416       0.5420626       0.5536900     
   0.5674288       0.5832481       0.6009123       0.6199113     
   0.6394079       0.6582383       0.6750098       0.6883368     
   0.6971944       0.7012488       0.7009247       0.6971625     
   0.6910744       0.6836786       0.6757690       0.6678911     
   0.6603770       0.6533993       0.6470244       0.6412535     
   0.6360531       0.6313735       0.6271605       0.6233618     
   0.6199293       0.6168208       0.6139994       0.6114334     
   0.6090955       0.6069621       0.6050127       0.6032295     
   0.6015967       0.6001007       0.5987292       0.5974714     
   0.5963175       0.5952589       0.5942876       0.5933967     
   0.5925796       0.5918306       0.5911443       0.5905159     
   0.5899410       0.5894156       0.5889359       0.5884986     
   0.5881006       0.5877391       0.5874115       0.5871154     
   0.5868488       0.5866097       0.5863964       0.5862073     
   0.5860412       0.5858966       0.5857726       0.5856684     
   0.5855830       0.5855157       0.5854656       0.5854316     
   0.5854122       0.5854049       0.5854059       0.5854039    
   0.5000000       0.5002600       0.5009734       0.5020396     
   0.5034181       0.5051210       0.5072024       0.5097519     
   0.5128878       0.5167527       0.5215089       0.5273343     
   0.5344153       0.5429370       0.5530658       0.5649246     
   0.5785582       0.5938896       0.6106722       0.6284471     
   0.6465207       0.6639873       0.6798148       0.6930066     
   0.7028078       0.7088831       0.7113685       0.7107754     
   0.7078148       0.7032284       0.6976735       0.6916692     
   0.6855877       0.6796730       0.6740687       0.6688466     
   0.6640313       0.6596185       0.6555877       0.6519110     
   0.6485580       0.6454987       0.6427050       0.6401513     
   0.6378147       0.6356748       0.6337135       0.6319144     
   0.6302634       0.6287475       0.6273552       0.6260762     
   0.6249012       0.6238217       0.6228302       0.6219196     
   0.6210837       0.6203167       0.6196134       0.6189689     
   0.6183788       0.6178392       0.6173462       0.6168965     
   0.6164868       0.6161146       0.6157770       0.6154718     
   0.6151967       0.6149499       0.6147295       0.6145339     
   0.6143618       0.6142119       0.6140832       0.6139748     
   0.6138856       0.6138152       0.6137626       0.6137267     
   0.6137061       0.6136982       0.6136994       0.6136972    
   0.5000000       0.5003672       0.5013891       0.5029360     
   0.5049348       0.5073628       0.5102401       0.5136225     
   0.5175958       0.5222687       0.5277682       0.5342324     
   0.5418032       0.5506154       0.5607809       0.5723688     
   0.5853779       0.5997064       0.6151206       0.6312310     
   0.6474876       0.6632050       0.6776279       0.6900370     
   0.6998718       0.7068330       0.7109221       0.7124040     
   0.7117182       0.7093773       0.7058826       0.7016707     
   0.6970895       0.6923958       0.6877662       0.6833127     
   0.6790993       0.6751568       0.6714939       0.6681061     
   0.6649810       0.6621025       0.6594532       0.6570154     
   0.6547723       0.6527081       0.6508082       0.6490594     
   0.6474493       0.6459668       0.6446019       0.6433454     
   0.6421887       0.6411241       0.6401448       0.6392441     
   0.6384162       0.6376557       0.6369575       0.6363171     
   0.6357303       0.6351930       0.6347020       0.6342536     
   0.6338450       0.6334733       0.6331362       0.6328310     
   0.6325558       0.6323088       0.6320880       0.6318920     
   0.6317193       0.6315688       0.6314393       0.6313301     
   0.6312402       0.6311690       0.6311157       0.6310793     
   0.6310583       0.6310503       0.6310514       0.6310492    
   0.5000000       0.5004533       0.5017242       0.5036604     
   0.5061606       0.5091710       0.5126795       0.5167096     
   0.5213139       0.5265681       0.5325635       0.5394004     
   0.5471790       0.5559897       0.5658995       0.5769358     
   0.5890675       0.6021841       0.6160769       0.6304277     
   0.6448104       0.6587148       0.6715919       0.6829222     
   0.6922904       0.6994470       0.7043373       0.7070884     
   0.7079647       0.7073081       0.7054820       0.7028281     
   0.6996406       0.6961558       0.6925517       0.6889554     
   0.6854519       0.6820945       0.6789134       0.6759229     
   0.6731265       0.6705213       0.6681002       0.6658541     
   0.6637729       0.6618461       0.6600634       0.6584149     
   0.6568911       0.6554832       0.6541829       0.6529824     
   0.6518745       0.6508528       0.6499108       0.6490430     
   0.6482440       0.6475089       0.6468332       0.6462126     
   0.6456434       0.6451216       0.6446443       0.6442080     
   0.6438102       0.6434481       0.6431192       0.6428215     
   0.6425528       0.6423114       0.6420955       0.6419037     
   0.6417347       0.6415871       0.6414602       0.6413530     
   0.6412647       0.6411946       0.6411421       0.6411062     
   0.6410854       0.6410776       0.6410787       0.6410764    
   0.5000000       0.5005203       0.5019857       0.5042273     
   0.5071206       0.5105847       0.5145782       0.5190945     
   0.5241559       0.5298066       0.5361056       0.5431193     
   0.5509127       0.5595402       0.5690344       0.5793945     
   0.5905722       0.6024591       0.6148759       0.6275681     
   0.6402106       0.6524259       0.6638161       0.6740059     
   0.6826887       0.6896651       0.6948633       0.6983357     
   0.7002371       0.7007902       0.7002496       0.6988706     
   0.6968876       0.6945011       0.6918731       0.6891285     
   0.6863590       0.6836293       0.6809826       0.6784464     
   0.6760365       0.6737608       0.6716214       0.6696171     
   0.6677442       0.6659974       0.6643711       0.6628587     
   0.6614538       0.6601502       0.6589416       0.6578220     
   0.6567856       0.6558271       0.6549414       0.6541235     
   0.6533690       0.6526736       0.6520333       0.6514444     
   0.6509034       0.6504070       0.6499523       0.6495364     
   0.6491567       0.6488107       0.6484964       0.6482115     
   0.6479543       0.6477230       0.6475161       0.6473321     
   0.6471698       0.6470281       0.6469061       0.6468030     
   0.6467180       0.6466505       0.6465999       0.6465652     
   0.6465452       0.6465376       0.6465387       0.6465365    
   0.5000000       0.5005703       0.5021820       0.5046546     
   0.5078452       0.5116501       0.5160026       0.5208691     
   0.5262446       0.5321456       0.5386034       0.5456557     
   0.5533395       0.5616817       0.5706911       0.5803487     
   0.5905989       0.6013419       0.6124274       0.6236543     
   0.6347760       0.6455138       0.6555788       0.6646991     
   0.6726491       0.6792734       0.6845006       0.6883448     
   0.6908935       0.6922894       0.6927068       0.6923312     
   0.6913417       0.6899003       0.6881455       0.6861903     
   0.6841236       0.6820129       0.6799077       0.6778431     
   0.6758434       0.6739241       0.6720949       0.6703610     
   0.6687242       0.6671842       0.6657394       0.6643868     
   0.6631231       0.6619442       0.6608462       0.6598248     
   0.6588760       0.6579955       0.6571795       0.6564240     
   0.6557254       0.6550800       0.6544847       0.6539362     
   0.6534315       0.6529678       0.6525423       0.6521527     
   0.6517967       0.6514720       0.6511766       0.6509088     
   0.6506667       0.6504489       0.6502538       0.6500803     
   0.6499271       0.6497934       0.6496782       0.6495807     
   0.6495003       0.6494365       0.6493886       0.6493558     
   0.6493368       0.6493296       0.6493306       0.6493286    
   0.5000000       0.5006056       0.5023219       0.5049613     
   0.5083671       0.5124167       0.5170219       0.5221264     
   0.5277016       0.5337405       0.5402510       0.5472482     
   0.5547475       0.5627562       0.5712671       0.5802514     
   0.5896527       0.5993823       0.6093165       0.6192974     
   0.6291381       0.6386324       0.6475692       0.6557509     
   0.6630110       0.6692298       0.6743441       0.6783488     
   0.6812916       0.6832623       0.6843789       0.6847730     
   0.6845787       0.6839226       0.6829180       0.6816625     
   0.6802366       0.6787052       0.6771186       0.6755157     
   0.6739250       0.6723675       0.6708580       0.6694065     
   0.6680194       0.6667005       0.6654517       0.6642732     
   0.6631643       0.6621233       0.6611484       0.6602371     
   0.6593868       0.6585947       0.6578578       0.6571736     
   0.6565390       0.6559513       0.6554079       0.6549062     
   0.6544436       0.6540178       0.6536266       0.6532679     
   0.6529396       0.6526399       0.6523669       0.6521192     
   0.6518950       0.6516932       0.6515124       0.6513513     
   0.6512092       0.6510849       0.6509777       0.6508871     
   0.6508123       0.6507529       0.6507083       0.6506778     
   0.6506602       0.6506535       0.6506544       0.6506525    
   0.5000000       0.5006288       0.5024146       0.5051667     
   0.5087184       0.5129325       0.5177034       0.5229554     
   0.5286404       0.5347323       0.5412201       0.5481014     
   0.5553754       0.5630361       0.5710666       0.5794336     
   0.5880837       0.5969402       0.6059024       0.6148466     
   0.6236309       0.6321015       0.6401035       0.6474916     
   0.6541425       0.6599646       0.6649044       0.6689484     
   0.6721209       0.6744778       0.6760978       0.6770738     
   0.6775042       0.6774859       0.6771097       0.6764565     
   0.6755964       0.6745885       0.6734810       0.6723127     
   0.6711142       0.6699091       0.6687154       0.6675465     
   0.6664122       0.6653196       0.6642730       0.6632757     
   0.6623291       0.6614338       0.6605896       0.6597958     
   0.6590512       0.6583543       0.6577033       0.6570964     
   0.6565316       0.6560070       0.6555206       0.6550702     
   0.6546542       0.6542705       0.6539173       0.6535928     
   0.6532953       0.6530234       0.6527755       0.6525502     
   0.6523462       0.6521623       0.6519973       0.6518503     
   0.6517205       0.6516069       0.6515090       0.6514260     
   0.6513576       0.6513032       0.6512623       0.6512344     
   0.6512182       0.6512121       0.6512129       0.6512112    
   0.5000000       0.5006418       0.5024685       0.5052888     
   0.5089297       0.5132430       0.5181091       0.5234371     
   0.5291631       0.5352452       0.5416580       0.5483857     
   0.5554162       0.5627345       0.5703182       0.5781332     
   0.5861310       0.5942464       0.6023979       0.6104888     
   0.6184103       0.6260475       0.6332850       0.6400153     
   0.6461464       0.6516077       0.6563552       0.6603727     
   0.6636708       0.6662837       0.6682637       0.6696758     
   0.6705917       0.6710848       0.6712262       0.6710819     
   0.6707112       0.6701660       0.6694902       0.6687208     
   0.6678881       0.6670167       0.6661263       0.6652322     
   0.6643465       0.6634783       0.6626346       0.6618202     
   0.6610388       0.6602926       0.6595832       0.6589112     
   0.6582766       0.6576792       0.6571183       0.6565930     
   0.6561021       0.6556444       0.6552185       0.6548231     
   0.6544567       0.6541180       0.6538055       0.6535178     
   0.6532537       0.6530119       0.6527910       0.6525899     
   0.6524077       0.6522432       0.6520956       0.6519639     
   0.6518475       0.6517456       0.6516576       0.6515830     
   0.6515215       0.6514726       0.6514358       0.6514106     
   0.6513961       0.6513906       0.6513913       0.6513898    
   0.5000000       0.5006469       0.5024913       0.5053441     
   0.5090286       0.5133888       0.5182945       0.5236431     
   0.5293580       0.5353851       0.5416880       0.5482410     
   0.5550238       0.5620161       0.5691927       0.5765208     
   0.5839573       0.5914476       0.5989258       0.6063160     
   0.6135349       0.6204952       0.6271104       0.6333000     
   0.6389945       0.6441393       0.6486987       0.6526563     
   0.6560149       0.6587951       0.6610315       0.6627694     
   0.6640609       0.6649609       0.6655249       0.6658058     
   0.6658527       0.6657100       0.6654169       0.6650072     
   0.6645096       0.6639482       0.6633433       0.6627109     
   0.6620645       0.6614146       0.6607698       0.6601363     
   0.6595195       0.6589230       0.6583495       0.6578009     
   0.6572786       0.6567832       0.6563149       0.6558737     
   0.6554593       0.6550711       0.6547084       0.6543703     
   0.6540560       0.6537645       0.6534948       0.6532460     
   0.6530170       0.6528068       0.6526145       0.6524393     
   0.6522802       0.6521363       0.6520070       0.6518916     
   0.6517895       0.6517000       0.6516227       0.6515571     
   0.6515029       0.6514598       0.6514274       0.6514052     
   0.6513924       0.6513875       0.6513882       0.6513868    
   0.5000000       0.5006457       0.5024898       0.5053470     
   0.5090391       0.5134054       0.5183079       0.5236349     
   0.5293003       0.5352409       0.5414116       0.5477797     
   0.5543194       0.5610071       0.5678170       0.5747184     
   0.5816734       0.5886367       0.5955552       0.6023692     
   0.6090140       0.6154231       0.6215308       0.6272762     
   0.6326059       0.6374779       0.6418629       0.6457456     
   0.6491247       0.6520122       0.6544306       0.6564118     
   0.6579932       0.6592162       0.6601235       0.6607572     
   0.6611577       0.6613621       0.6614045       0.6613151     
   0.6611204       0.6608431       0.6605029       0.6601161     
   0.6596966       0.6592557       0.6588029       0.6583458     
   0.6578903       0.6574414       0.6570029       0.6565776     
   0.6561680       0.6557753       0.6554009       0.6550453     
   0.6547089       0.6543917       0.6540938       0.6538147     
   0.6535541       0.6533114       0.6530861       0.6528776     
   0.6526850       0.6525079       0.6523455       0.6521971     
   0.6520621       0.6519399       0.6518298       0.6517315     
   0.6516443       0.6515678       0.6515017       0.6514456     
   0.6513991       0.6513621       0.6513343       0.6513152     
   0.6513042       0.6513000       0.6513005       0.6512994    
   0.5000000       0.5006398       0.5024699       0.5053098     
   0.5089821       0.5133232       0.5181900       0.5234643     
   0.5290527       0.5348853       0.5409108       0.5470913     
   0.5533977       0.5598042       0.5662855       0.5728133     
   0.5793551       0.5858731       0.5923244       0.5986617     
   0.6048349       0.6107923       0.6164839       0.6218626     
   0.6268877       0.6315258       0.6357532       0.6395562     
   0.6429316       0.6458855       0.6484329       0.6505957     
   0.6524014       0.6538807       0.6550665       0.6559922     
   0.6566904       0.6571922       0.6575267       0.6577202     
   0.6577966       0.6577770       0.6576797       0.6575208     
   0.6573140       0.6570709       0.6568013       0.6565136     
   0.6562144       0.6559094       0.6556033       0.6552998     
   0.6550017       0.6547114       0.6544307       0.6541610     
   0.6539032       0.6536580       0.6534258       0.6532066     
   0.6530008       0.6528080       0.6526281       0.6524608     
   0.6523057       0.6521626       0.6520309       0.6519102     
   0.6518002       0.6517003       0.6516102       0.6515295     
   0.6514578       0.6513948       0.6513403       0.6512940     
   0.6512556       0.6512250       0.6512018       0.6511860     
   0.6511768       0.6511733       0.6511738       0.6511728    
   0.5000000       0.5006304       0.5024363       0.5052428     
   0.5088748       0.5131676       0.5179750       0.5231740     
   0.5286666       0.5343776       0.5402513       0.5462466     
   0.5523317       0.5584804       0.5646680       0.5708688     
   0.5770547       0.5831946       0.5892535       0.5951939     
   0.6009763       0.6065609       0.6119085       0.6169828     
   0.6217520       0.6261898       0.6302767       0.6340008     
   0.6373578       0.6403506       0.6429887       0.6452876     
   0.6472670       0.6489500       0.6503619       0.6515289     
   0.6524774       0.6532332       0.6538206       0.6542626     
   0.6545802       0.6547925       0.6549163       0.6549670     
   0.6549577       0.6548998       0.6548034       0.6546769     
   0.6545275       0.6543615       0.6541839       0.6539991     
   0.6538105       0.6536211       0.6534333       0.6532490     
   0.6530696       0.6528962       0.6527298       0.6525711     
   0.6524204       0.6522780       0.6521441       0.6520188     
   0.6519019       0.6517934       0.6516930       0.6516007     
   0.6515161       0.6514391       0.6513695       0.6513069     
   0.6512511       0.6512020       0.6511594       0.6511231     
   0.6510930       0.6510689       0.6510507       0.6510381     
   0.6510308       0.6510280       0.6510284       0.6510276    
   0.5000000       0.5006186       0.5023931       0.5051548     
   0.5087317       0.5129595       0.5176904       0.5227988     
   0.5281832       0.5337650       0.5394853       0.5453007     
   0.5511782       0.5570912       0.5630162       0.5689299     
   0.5748082       0.5806251       0.5863521       0.5919593     
   0.5974156       0.6026894       0.6077503       0.6125699     
   0.6171229       0.6213886       0.6253510       0.6289997     
   0.6323301       0.6353430       0.6380445       0.6404452     
   0.6425596       0.6444048       0.6460004       0.6473671     
   0.6485259       0.6494980       0.6503040       0.6509633     
   0.6514944       0.6519142       0.6522382       0.6524802     
   0.6526530       0.6527673       0.6528331       0.6528589     
   0.6528519       0.6528188       0.6527649       0.6526949     
   0.6526128       0.6525220       0.6524252       0.6523249     
   0.6522229       0.6521209       0.6520201       0.6519215     
   0.6518260       0.6517342       0.6516466       0.6515633     
   0.6514849       0.6514114       0.6513427       0.6512791     
   0.6512204       0.6511666       0.6511177       0.6510735     
   0.6510339       0.6509990       0.6509686       0.6509425     
   0.6509207       0.6509033       0.6508901       0.6508809     
   0.6508756       0.6508735       0.6508738       0.6508732    
   0.5000000       0.5006053       0.5023434       0.5050524     
   0.5085641       0.5127156       0.5173589       0.5223668     
   0.5276358       0.5330849       0.5386534       0.5442964     
   0.5499801       0.5556781       0.5613681       0.5670291     
   0.5726401       0.5781793       0.5836236       0.5889490     
   0.5941304       0.5991431       0.6039630       0.6085677     
   0.6129370       0.6170542       0.6209064       0.6244844     
   0.6277838       0.6308042       0.6335493       0.6360263     
   0.6382458       0.6402208       0.6419660       0.6434979     
   0.6448335       0.6459899       0.6469843       0.6478332     
   0.6485527       0.6491575       0.6496615       0.6500774     
   0.6504169       0.6506904       0.6509072       0.6510756     
   0.6512031       0.6512961       0.6513603       0.6514005     
   0.6514211       0.6514258       0.6514177       0.6513994     
   0.6513734       0.6513414       0.6513053       0.6512663     
   0.6512256       0.6511840       0.6511424       0.6511013     
   0.6510613       0.6510227       0.6509860       0.6509511     
   0.6509184       0.6508880       0.6508600       0.6508344     
   0.6508112       0.6507905       0.6507723       0.6507567     
   0.6507434       0.6507328       0.6507245       0.6507188     
   0.6507154       0.6507140       0.6507143       0.6507139    
   0.5000000       0.5005909       0.5022898       0.5049413     
   0.5083814       0.5124494       0.5169982       0.5219001     
   0.5270502       0.5323667       0.5377874       0.5432666     
   0.5487702       0.5542723       0.5597516       0.5651891     
   0.5705667       0.5758659       0.5810678       0.5861527     
   0.5911009       0.5958923       0.6005079       0.6049297     
   0.6091418       0.6131305       0.6168849       0.6203977     
   0.6236643       0.6266837       0.6294579       0.6319920     
   0.6342936       0.6363724       0.6382400       0.6399090     
   0.6413932       0.6427065       0.6438632       0.6448773     
   0.6457624       0.6465316       0.6471970       0.6477702     
   0.6482617       0.6486813       0.6490379       0.6493393     
   0.6495928       0.6498048       0.6499809       0.6501262     
   0.6502452       0.6503417       0.6504192       0.6504805     
   0.6505284       0.6505649       0.6505921       0.6506115     
   0.6506246       0.6506326       0.6506366       0.6506372     
   0.6506354       0.6506317       0.6506265       0.6506204     
   0.6506137       0.6506067       0.6505995       0.6505926     
   0.6505858       0.6505794       0.6505736       0.6505682     
   0.6505636       0.6505597       0.6505565       0.6505542     
   0.6505527       0.6505522       0.6505523       0.6505521    
   0.5000000       0.5005762       0.5022345       0.5048258     
   0.5081908       0.5121716       0.5166224       0.5214158     
   0.5264469       0.5316331       0.5369115       0.5422361     
   0.5475730       0.5528966       0.5581867       0.5634261     
   0.5685988       0.5736893       0.5786818       0.5835603     
   0.5883088       0.5929112       0.5973523       0.6016175     
   0.6056941       0.6095709       0.6132389       0.6166916     
   0.6199251       0.6229378       0.6257308       0.6283075     
   0.6306733       0.6328357       0.6348034       0.6365864     
   0.6381957       0.6396427       0.6409392       0.6420970     
   0.6431276       0.6440424       0.6448521       0.6455669     
   0.6461965       0.6467498       0.6472350       0.6476596     
   0.6480305       0.6483540       0.6486357       0.6488805     
   0.6490931       0.6492773       0.6494370       0.6495749     
   0.6496942       0.6497971       0.6498858       0.6499622     
   0.6500280       0.6500846       0.6501333       0.6501749     
   0.6502107       0.6502413       0.6502675       0.6502899     
   0.6503089       0.6503251       0.6503387       0.6503502     
   0.6503597       0.6503676       0.6503740       0.6503791     
   0.6503829       0.6503857       0.6503876       0.6503888     
   0.6503893       0.6503895       0.6503894       0.6503895    
   0.5000000       0.5005614       0.5021787       0.5047091     
   0.5079978       0.5118902       0.5162422       0.5209276     
   0.5258416       0.5309014       0.5360442       0.5412239     
   0.5464067       0.5515677       0.5566877       0.5617508     
   0.5667430       0.5716510       0.5764616       0.5811616     
   0.5857381       0.5901780       0.5944690       0.5985993     
   0.6025584       0.6063373       0.6099285       0.6133264     
   0.6165274       0.6195299       0.6223341       0.6249424     
   0.6273586       0.6295882       0.6316381       0.6335161     
   0.6352310       0.6367920       0.6382089       0.6394916     
   0.6406498       0.6416934       0.6426316       0.6434737     
   0.6442282       0.6449031       0.6455062       0.6460444     
   0.6465243       0.6469517       0.6473323       0.6476708     
   0.6479719       0.6482395       0.6484773       0.6486887     
   0.6488764       0.6490433       0.6491914       0.6493231     
   0.6494400       0.6495438       0.6496360       0.6497178     
   0.6497904       0.6498547       0.6499116       0.6499619     
   0.6500063       0.6500453       0.6500794       0.6501091     
   0.6501348       0.6501568       0.6501753       0.6501906     
   0.6502029       0.6502124       0.6502193       0.6502239     
   0.6502264       0.6502272       0.6502271       0.6502274    
   0.5000000       0.5005469       0.5021238       0.5045939     
   0.5078068       0.5116116       0.5158662       0.5204456     
   0.5252460       0.5301848       0.5351995       0.5402439     
   0.5452847       0.5502976       0.5552642       0.5601701     
   0.5650027       0.5697504       0.5744022       0.5789471     
   0.5833745       0.5876738       0.5918348       0.5958481     
   0.5997050       0.6033980       0.6069210       0.6102690     
   0.6134387       0.6164287       0.6192387       0.6218701     
   0.6243258       0.6266097       0.6287273       0.6306846     
   0.6324886       0.6341469       0.6356676       0.6370587     
   0.6383287       0.6394860       0.6405386       0.6414946     
   0.6423616       0.6431470       0.6438577       0.6445001     
   0.6450805       0.6456044       0.6460771       0.6465034     
   0.6468877       0.6472340       0.6475461       0.6478271     
   0.6480803       0.6483082       0.6485134       0.6486982     
   0.6488644       0.6490139       0.6491483       0.6492690     
   0.6493773       0.6494744       0.6495613       0.6496389     
   0.6497080       0.6497694       0.6498235       0.6498712     
   0.6499127       0.6499484       0.6499789       0.6500043     
   0.6500249       0.6500409       0.6500528       0.6500607     
   0.6500651       0.6500667       0.6500664       0.6500669    
   0.5000000       0.5005329       0.5020707       0.5044820     
   0.5076212       0.5113404       0.5155003       0.5199776     
   0.5246691       0.5294931       0.5343874       0.5393061     
   0.5442164       0.5490946       0.5539231       0.5586885     
   0.5633793       0.5679857       0.5724982       0.5769076     
   0.5812052       0.5853822       0.5894302       0.5933415     
   0.5971090       0.6007264       0.6041885       0.6074911     
   0.6106314       0.6136076       0.6164194       0.6190676     
   0.6215541       0.6238821       0.6260554       0.6280791     
   0.6299585       0.6317000       0.6333100       0.6347954     
   0.6361632       0.6374207       0.6385748       0.6396325     
   0.6406007       0.6414859       0.6422944       0.6430322     
   0.6437049       0.6443179       0.6448760       0.6453840     
   0.6458461       0.6462662       0.6466481       0.6469951     
   0.6473103       0.6475963       0.6478559       0.6480914     
   0.6483048       0.6484982       0.6486731       0.6488314     
   0.6489742       0.6491030       0.6492189       0.6493230     
   0.6494161       0.6494992       0.6495728       0.6496379     
   0.6496947       0.6497440       0.6497861       0.6498213     
   0.6498500       0.6498725       0.6498892       0.6499003     
   0.6499066       0.6499089       0.6499086       0.6499093    
   0.5000000       0.5005195       0.5020199       0.5043749     
   0.5074431       0.5110803       0.5151495       0.5195292     
   0.5241175       0.5288334       0.5336153       0.5384178     
   0.5432085       0.5479643       0.5526683       0.5573079     
   0.5618728       0.5663543       0.5707442       0.5750348     
   0.5792188       0.5832889       0.5872383       0.5910605     
   0.5947495       0.5983001       0.6017080       0.6049694     
   0.6080820       0.6110440       0.6138549       0.6165149     
   0.6190256       0.6213892       0.6236086       0.6256878     
   0.6276311       0.6294436       0.6311306       0.6326978     
   0.6341512       0.6354969       0.6367408       0.6378892     
   0.6389481       0.6399232       0.6408203       0.6416448     
   0.6424020       0.6430967       0.6437337       0.6443173     
   0.6448518       0.6453409       0.6457882       0.6461971     
   0.6465706       0.6469116       0.6472227       0.6475064     
   0.6477647       0.6479998       0.6482136       0.6484077     
   0.6485837       0.6487429       0.6488867       0.6490163     
   0.6491325       0.6492366       0.6493291       0.6494109     
   0.6494827       0.6495450       0.6495983       0.6496431     
   0.6496796       0.6497083       0.6497296       0.6497440     
   0.6497521       0.6497551       0.6497547       0.6497555    
   0.5000000       0.5005068       0.5019719       0.5042735     
   0.5072744       0.5108337       0.5148169       0.5191045     
   0.5235959       0.5282109       0.5328885       0.5375841     
   0.5422655       0.5469102       0.5515020       0.5560291     
   0.5604820       0.5648528       0.5691345       0.5733207     
   0.5774051       0.5813816       0.5852446       0.5889885     
   0.5926085       0.5961002       0.5994596       0.6026839     
   0.6057706       0.6087184       0.6115263       0.6141946     
   0.6167242       0.6191165       0.6213742       0.6234999     
   0.6254974       0.6273706       0.6291239       0.6307621     
   0.6322902       0.6337133       0.6350367       0.6362656     
   0.6374055       0.6384614       0.6394384       0.6403415     
   0.6411756       0.6419451       0.6426544       0.6433077     
   0.6439091       0.6444621       0.6449704       0.6454370     
   0.6458651       0.6462577       0.6466173       0.6469464     
   0.6472472       0.6475219       0.6477725       0.6480007     
   0.6482081       0.6483964       0.6485668       0.6487207     
   0.6488591       0.6489832       0.6490937       0.6491917     
   0.6492778       0.6493526       0.6494167       0.6494707     
   0.6495148       0.6495495       0.6495753       0.6495926     
   0.6496025       0.6496062       0.6496057       0.6496067    
   0.5000000       0.5004951       0.5019270       0.5041785     
   0.5071163       0.5106024       0.5145051       0.5187066     
   0.5231076       0.5276291       0.5322107       0.5368083     
   0.5413902       0.5459344       0.5504254       0.5548517     
   0.5592048       0.5634776       0.5676640       0.5717582     
   0.5757550       0.5796494       0.5834365       0.5871117     
   0.5906709       0.5941103       0.5974267       0.6006174     
   0.6036804       0.6066141       0.6094179       0.6120916     
   0.6146358       0.6170515       0.6193407       0.6215056     
   0.6235489       0.6254740       0.6272845       0.6289842     
   0.6305774       0.6320684       0.6334618       0.6347621     
   0.6359740       0.6371021       0.6381509       0.6391250     
   0.6400287       0.6408662       0.6416416       0.6423588     
   0.6430216       0.6436336       0.6441981       0.6447184     
   0.6451974       0.6456380       0.6460428       0.6464145     
   0.6467552       0.6470671       0.6473523       0.6476126     
   0.6478499       0.6480656       0.6482612       0.6484382     
   0.6485976       0.6487407       0.6488685       0.6489818     
   0.6490815       0.6491683       0.6492427       0.6493053     
   0.6493567       0.6493971       0.6494272       0.6494474     
   0.6494590       0.6494634       0.6494628       0.6494640    
   0.5000000       0.5004842       0.5018855       0.5040905     
   0.5069695       0.5103877       0.5142156       0.5183372     
   0.5226550       0.5270904       0.5315841       0.5360923     
   0.5405841       0.5450378       0.5494382       0.5537748     
   0.5580392       0.5622252       0.5663272       0.5703405     
   0.5742604       0.5780826       0.5818031       0.5854180     
   0.5889236       0.5923169       0.5955949       0.5987554     
   0.6017964       0.6047168       0.6075156       0.6101926     
   0.6127481       0.6151828       0.6174982       0.6196958     
   0.6217781       0.6237475       0.6256071       0.6273600     
   0.6290098       0.6305603       0.6320151       0.6333784     
   0.6346543       0.6358467       0.6369597       0.6379975     
   0.6389639       0.6398629       0.6406983       0.6414737     
   0.6421927       0.6428586       0.6434749       0.6440445     
   0.6445704       0.6450554       0.6455023       0.6459134     
   0.6462912       0.6466379       0.6469554       0.6472459     
   0.6475110       0.6477525       0.6479717       0.6481704     
   0.6483496       0.6485108       0.6486547       0.6487825     
   0.6488950       0.6489931       0.6490772       0.6491482     
   0.6492063       0.6492522       0.6492863       0.6493093     
   0.6493225       0.6493274       0.6493267       0.6493281    
   0.5000000       0.5004742       0.5018473       0.5040097     
   0.5068346       0.5101903       0.5139495       0.5179979     
   0.5222393       0.5265962       0.5310100       0.5354375     
   0.5398480       0.5442204       0.5485401       0.5527966     
   0.5569824       0.5610917       0.5651194       0.5690615     
   0.5729139       0.5766729       0.5803350       0.5838968     
   0.5873554       0.5907078       0.5939519       0.5970853     
   0.6001065       0.6030142       0.6058076       0.6084864     
   0.6110505       0.6135006       0.6158376       0.6180627     
   0.6201779       0.6221852       0.6240869       0.6258857     
   0.6275846       0.6291868       0.6306955       0.6321142     
   0.6334465       0.6346959       0.6358660       0.6369606     
   0.6379833       0.6389375       0.6398270       0.6406549     
   0.6414248       0.6421399       0.6428033       0.6434180     
   0.6439869       0.6445128       0.6449983       0.6454458     
   0.6458579       0.6462366       0.6465842       0.6469025     
   0.6471935       0.6474589       0.6477003       0.6479191     
   0.6481168       0.6482946       0.6484537       0.6485951     
   0.6487197       0.6488283       0.6489215       0.6490002     
   0.6490647       0.6491157       0.6491536       0.6491793     
   0.6491939       0.6491994       0.6491987       0.6492001    
   0.5000000       0.5004651       0.5018127       0.5039361     
   0.5067120       0.5100107       0.5137073       0.5176893     
   0.5218615       0.5261475       0.5304893       0.5348441     
   0.5391819       0.5434819       0.5477298       0.5519155     
   0.5560319       0.5600736       0.5640362       0.5679159     
   0.5717091       0.5754128       0.5790238       0.5825393     
   0.5859565       0.5892732       0.5924871       0.5955964     
   0.5985996       0.6014956       0.6042835       0.6069629     
   0.6095336       0.6119961       0.6143509       0.6165991     
   0.6187421       0.6207815       0.6227192       0.6245576     
   0.6262989       0.6279460       0.6295016       0.6309687     
   0.6323505       0.6336501       0.6348708       0.6360157     
   0.6370884       0.6380919       0.6390296       0.6399048     
   0.6407205       0.6414798       0.6421859       0.6428414     
   0.6434493       0.6440123       0.6445330       0.6450138     
   0.6454572       0.6458653       0.6462404       0.6465843     
   0.6468992       0.6471866       0.6474483       0.6476858     
   0.6479005       0.6480938       0.6482669       0.6484208     
   0.6485565       0.6486748       0.6487766       0.6488624     
   0.6489329       0.6489885       0.6490300       0.6490580     
   0.6490741       0.6490801       0.6490793       0.6490809    
   0.5000000       0.5004569       0.5017815       0.5038700     
   0.5066016       0.5098491       0.5134895       0.5174118     
   0.5215219       0.5257445       0.5300220       0.5343123     
   0.5385857       0.5428215       0.5470060       0.5511294     
   0.5551850       0.5591676       0.5630733       0.5668985     
   0.5706403       0.5742958       0.5778623       0.5813374     
   0.5847186       0.5880040       0.5911915       0.5942795     
   0.5972667       0.6001519       0.6029344       0.6056135     
   0.6081893       0.6106617       0.6130313       0.6152987     
   0.6174651       0.6195316       0.6215001       0.6233722     
   0.6251500       0.6268358       0.6284320       0.6299412     
   0.6313661       0.6327095       0.6339744       0.6351637     
   0.6362804       0.6373276       0.6383081       0.6392252     
   0.6400817       0.6408806       0.6416247       0.6423169     
   0.6429598       0.6435562       0.6441087       0.6446195     
   0.6450912       0.6455259       0.6459259       0.6462932     
   0.6466296       0.6469371       0.6472173       0.6474718     
   0.6477020       0.6479095       0.6480953       0.6482607     
   0.6484065       0.6485338       0.6486433       0.6487358     
   0.6488116       0.6488716       0.6489162       0.6489465     
   0.6489638       0.6489703       0.6489694       0.6489712    
   0.5000000       0.5004497       0.5017538       0.5038112     
   0.5065035       0.5097055       0.5132961       0.5171655     
   0.5212208       0.5253873       0.5296082       0.5338417     
   0.5380584       0.5422382       0.5463673       0.5504366     
   0.5544392       0.5583705       0.5622268       0.5660051     
   0.5697023       0.5733163       0.5768444       0.5802846     
   0.5836347       0.5868929       0.5900574       0.5931268     
   0.5960998       0.5989753       0.6017526       0.6044310     
   0.6070105       0.6094909       0.6118725       0.6141559     
   0.6163418       0.6184313       0.6204256       0.6223264     
   0.6241353       0.6258541       0.6274852       0.6290305     
   0.6304926       0.6318741       0.6331773       0.6344052     
   0.6355604       0.6366456       0.6376638       0.6386177     
   0.6395101       0.6403438       0.6411216       0.6418462     
   0.6425203       0.6431464       0.6437270       0.6442646     
   0.6447616       0.6452201       0.6456423       0.6460304     
   0.6463863       0.6467117       0.6470085       0.6472783     
   0.6475226       0.6477427       0.6479400       0.6481157     
   0.6482707       0.6484061       0.6485226       0.6486210     
   0.6487017       0.6487656       0.6488132       0.6488454     
   0.6488639       0.6488708       0.6488699       0.6488718    
   0.5000000       0.5004433       0.5017295       0.5037597     
   0.5064176       0.5095800       0.5131271       0.5169505     
   0.5209581       0.5250759       0.5292476       0.5334318     
   0.5375996       0.5417309       0.5458124       0.5498349     
   0.5537921       0.5576795       0.5614936       0.5652316     
   0.5688909       0.5724693       0.5759647       0.5793750     
   0.5826985       0.5859334       0.5890782       0.5921315     
   0.5950921       0.5979590       0.6007316       0.6034091     
   0.6059912       0.6084780       0.6108693       0.6131658     
   0.6153679       0.6174765       0.6194925       0.6214173     
   0.6232524       0.6249992       0.6266598       0.6282359     
   0.6297297       0.6311436       0.6324798       0.6337407     
   0.6349290       0.6360471       0.6370977       0.6380835     
   0.6390070       0.6398711       0.6406782       0.6414311     
   0.6421323       0.6427843       0.6433896       0.6439507     
   0.6444698       0.6449492       0.6453911       0.6457976     
   0.6461704       0.6465118       0.6468232       0.6471065     
   0.6473631       0.6475945       0.6478020       0.6479868     
   0.6481500       0.6482925       0.6484152       0.6485187     
   0.6486039       0.6486712       0.6487214       0.6487554     
   0.6487749       0.6487822       0.6487812       0.6487832    
   0.5000000       0.5004378       0.5017085       0.5037154     
   0.5063440       0.5094726       0.5129827       0.5167668     
   0.5207337       0.5248100       0.5289398       0.5330822     
   0.5372084       0.5412986       0.5453397       0.5493227     
   0.5532416       0.5570920       0.5608705       0.5645746     
   0.5682020       0.5717506       0.5752185       0.5786038     
   0.5819049       0.5851202       0.5882483       0.5912880     
   0.5942380       0.5970976       0.5998658       0.6025422     
   0.6051263       0.6076179       0.6100172       0.6123243     
   0.6145396       0.6166638       0.6186978       0.6206425     
   0.6224992       0.6242694       0.6259544       0.6275563     
   0.6290768       0.6305178       0.6318817       0.6331705     
   0.6343867       0.6355327       0.6366107       0.6376236     
   0.6385736       0.6394635       0.6402956       0.6410726     
   0.6417970       0.6424713       0.6430978       0.6436790     
   0.6442172       0.6447146       0.6451733       0.6455956     
   0.6459832       0.6463382       0.6466624       0.6469573     
   0.6472246       0.6474657       0.6476820       0.6478748     
   0.6480449       0.6481937       0.6483217       0.6484299     
   0.6485187       0.6485891       0.6486415       0.6486771     
   0.6486974       0.6487051       0.6487040       0.6487061    
   0.5000000       0.5004331       0.5016909       0.5036784     
   0.5062827       0.5093834       0.5128630       0.5166146     
   0.5205477       0.5245896       0.5286847       0.5327923     
   0.5368840       0.5409402       0.5449479       0.5488984     
   0.5527857       0.5566056       0.5603549       0.5640312     
   0.5676325       0.5711566       0.5746019       0.5779667     
   0.5812495       0.5844487       0.5875631       0.5905914     
   0.5935327       0.5963860       0.5991505       0.6018258     
   0.6044112       0.6069068       0.6093122       0.6116277     
   0.6138536       0.6159904       0.6180388       0.6199996     
   0.6218739       0.6236629       0.6253681       0.6269909     
   0.6285331       0.6299964       0.6313829       0.6326947     
   0.6339339       0.6351027       0.6362036       0.6372387     
   0.6382107       0.6391219       0.6399749       0.6407719     
   0.6415157       0.6422084       0.6428526       0.6434506     
   0.6440047       0.6445171       0.6449900       0.6454255     
   0.6458255       0.6461920       0.6465268       0.6468315     
   0.6471078       0.6473570       0.6475808       0.6477802     
   0.6479563       0.6481102       0.6482428       0.6483548     
   0.6484469       0.6485197       0.6485740       0.6486109     
   0.6486319       0.6486399       0.6486388       0.6486410    
   0.5000000       0.5004293       0.5016767       0.5036491     
   0.5062345       0.5093132       0.5127685       0.5164943     
   0.5204004       0.5244147       0.5284818       0.5325616     
   0.5366257       0.5406548       0.5446360       0.5485605     
   0.5524227       0.5562184       0.5599447       0.5635991     
   0.5671796       0.5706844       0.5741119       0.5774604     
   0.5807287       0.5839151       0.5870185       0.5900379     
   0.5929722       0.5958205       0.5985820       0.6012562     
   0.6038426       0.6063409       0.6087511       0.6110731     
   0.6133072       0.6154537       0.6175133       0.6194867     
   0.6213747       0.6231785       0.6248994       0.6265387     
   0.6280980       0.6295789       0.6309834       0.6323133     
   0.6335707       0.6347577       0.6358766       0.6369296     
   0.6379189       0.6388472       0.6397167       0.6405298     
   0.6412890       0.6419966       0.6426549       0.6432664     
   0.6438332       0.6443577       0.6448420       0.6452881     
   0.6456981       0.6460738       0.6464171       0.6467297     
   0.6470132       0.6472691       0.6474988       0.6477036     
   0.6478845       0.6480426       0.6481788       0.6482939     
   0.6483886       0.6484634       0.6485193       0.6485572     
   0.6485789       0.6485870       0.6485860       0.6485882    
   0.5000000       0.5004266       0.5016668       0.5036287     
   0.5062007       0.5092635       0.5127006       0.5164066     
   0.5202921       0.5242853       0.5283312       0.5323898     
   0.5364330       0.5404415       0.5444027       0.5483078     
   0.5521512       0.5559289       0.5596378       0.5632759     
   0.5668409       0.5703314       0.5737456       0.5770820     
   0.5803394       0.5835164       0.5866117       0.5896243     
   0.5925533       0.5953978       0.5981570       0.6008303     
   0.6034173       0.6059176       0.6083312       0.6106579     
   0.6128979       0.6150516       0.6171194       0.6191021     
   0.6210002       0.6228150       0.6245475       0.6261990     
   0.6277710       0.6292650       0.6306828       0.6320261     
   0.6332971       0.6344977       0.6356300       0.6366963     
   0.6376988       0.6386398       0.6395217       0.6403468     
   0.6411176       0.6418363       0.6425053       0.6431269     
   0.6437034       0.6442370       0.6447298       0.6451839     
   0.6456014       0.6459841       0.6463339       0.6466525     
   0.6469414       0.6472023       0.6474366       0.6476454     
   0.6478299       0.6479912       0.6481302       0.6482477     
   0.6483443       0.6484207       0.6484777       0.6485165     
   0.6485386       0.6485469       0.6485458       0.6485481    
   0.5000000       0.5004258       0.5016636       0.5036207     
   0.5061848       0.5092367       0.5126609       0.5163528     
   0.5202235       0.5242016       0.5282325       0.5322763     
   0.5363051       0.5402997       0.5442472       0.5481393     
   0.5519701       0.5557356       0.5594330       0.5630601     
   0.5666149       0.5700957       0.5735011       0.5768295     
   0.5800796       0.5832502       0.5863401       0.5893483     
   0.5922737       0.5951155       0.5978731       0.6005458     
   0.6031331       0.6056347       0.6080505       0.6103802     
   0.6126242       0.6147825       0.6168557       0.6188444     
   0.6207492       0.6225712       0.6243114       0.6259710     
   0.6275514       0.6290541       0.6304807       0.6318331     
   0.6331130       0.6343226       0.6354640       0.6365391     
   0.6375504       0.6384999       0.6393901       0.6402233     
   0.6410018       0.6417280       0.6424042       0.6430326     
   0.6436155       0.6441553       0.6446539       0.6451134     
   0.6455359       0.6459233       0.6462775       0.6466001     
   0.6468927       0.6471570       0.6473943       0.6476058     
   0.6477929       0.6479563       0.6480972       0.6482162     
   0.6483142       0.6483917       0.6484495       0.6484888     
   0.6485112       0.6485197       0.6485186       0.6485209    
   0.5000000       0.5004306       0.5016749       0.5036325     
   0.5061921       0.5092366       0.5126518       0.5163341     
   0.5201951       0.5241637       0.5281855       0.5322209     
   0.5362416       0.5402285       0.5441689       0.5480540     
   0.5518783       0.5556376       0.5593292       0.5629506     
   0.5665001       0.5699761       0.5733770       0.5767012     
   0.5799477       0.5831150       0.5862021       0.5892079     
   0.5921314       0.5949719       0.5977286       0.6004009     
   0.6029884       0.6054906       0.6079073       0.6102386     
   0.6124844       0.6146451       0.6167210       0.6187127     
   0.6206208       0.6224465       0.6241905       0.6258541     
   0.6274387       0.6289458       0.6303769       0.6317338     
   0.6330184       0.6342326       0.6353785       0.6364581     
   0.6374738       0.6384277       0.6393222       0.6401595     
   0.6409420       0.6416720       0.6423518       0.6429837     
   0.6435700       0.6441129       0.6446144       0.6450768     
   0.6455019       0.6458917       0.6462481       0.6465728     
   0.6468674       0.6471334       0.6473722       0.6475852     
   0.6477735       0.6479381       0.6480799       0.6481998     
   0.6482984       0.6483765       0.6484348       0.6484744     
   0.6484971       0.6485057       0.6485045       0.6485069    
   0.5000000       0.5004306       0.5016749       0.5036325     
   0.5061921       0.5092366       0.5126518       0.5163341     
   0.5201951       0.5241637       0.5281855       0.5322209     
   0.5362416       0.5402285       0.5441689       0.5480540     
   0.5518783       0.5556376       0.5593292       0.5629506     
   0.5665001       0.5699761       0.5733770       0.5767012     
   0.5799477       0.5831150       0.5862021       0.5892079     
   0.5921314       0.5949719       0.5977286       0.6004009     
   0.6029884       0.6054906       0.6079073       0.6102386     
   0.6124844       0.6146451       0.6167210       0.6187127     
   0.6206208       0.6224465       0.6241905       0.6258541     
   0.6274387       0.6289458       0.6303769       0.6317338     
   0.6330184       0.6342326       0.6353785       0.6364581     
   0.6374738       0.6384277       0.6393222       0.6401595     
   0.6409420       0.6416720       0.6423518       0.6429837     
   0.6435700       0.6441129       0.6446144       0.6450768     
   0.6455019       0.6458917       0.6462481       0.6465728     
   0.6468674       0.6471334       0.6473722       0.6475852     
   0.6477735       0.6479381       0.6480799       0.6481998     
   0.6482984       0.6483765       0.6484348       0.6484744     
   0.6484971       0.6485057       0.6485045       0.6485069    
