   -6.000000000000000        -4.331754136422725         0.000000000000000      
   0.5000000000000000        -276.5173022422871         1.000000000000000      
    0.000000000000000     
   -6.000000000000000        -3.190854008294763         0.000000000000000      
   0.4143844881239014        -276.5173022422871        0.1355947230120721      
   2.4251308707068802E-006
   -6.000000000000000        -2.086069522443571         0.000000000000000      
   0.2125880225886231        -266.9142980860634        5.4001836365023141E-002 
   1.2191112118021013E-004
   -6.000000000000000        -1.000000000000000         0.000000000000000      
  -6.6334141117387349E-002   -258.6764877574222        5.0084920814502727E-002 
   3.5304835587134683E-003
   -6.000000000000000        8.5329916394144209E-002    0.000000000000000      
  -0.2810959599183961        -254.6282906149946        5.0014300211932143E-002 
   4.4136268353305814E-002
   -6.000000000000000         1.185048850039772         0.000000000000000      
  -0.3165413328383097        -197.2157481626511        5.0001791412567227E-002 
   4.9578547232906431E-002
   -6.000000000000000         2.312766280191660         0.000000000000000      
  -0.3198837390596608        -128.1360453787395        5.0000327590338969E-002 
   4.9892406638418742E-002
   -6.000000000000000         3.480620669814731         0.000000000000000      
  -0.3571293777946100        -97.09974602562852        5.0000204670070769E-002 
   4.9908230716849987E-002
   -6.000000000000000         4.698747437575867         0.000000000000000      
  -0.3745769474852487        -51.19793946141800        5.0000167247392160E-002 
   4.9918824400709973E-002
   -6.000000000000000         5.974949118236451         0.000000000000000      
  -0.4060733819835575        -27.18227293746142        5.0000134333663855E-002 
   4.9924175960744249E-002
   -6.000000000000000         7.314577377320123         0.000000000000000      
  -0.4437064526662831         9.244811906948428        5.0000102991028944E-002 
   4.9931714543978913E-002
   -6.000000000000000         8.720606784787934         0.000000000000000      
  -0.4332320832969014         77.72288089040582        5.0000073243986282E-002 
   4.9944852669918875E-002
   -6.000000000000000         10.19385933408855         0.000000000000000      
  -0.3950190456690327         100.8498780180716        5.0000045028516821E-002 
   4.9948497428663342E-002
   -6.000000000000000         11.73332880983900         0.000000000000000      
  -0.3681479160563527         81.80601452678904        5.0000018177784038E-002 
   4.9944516651146131E-002
   -6.000000000000000         13.33655434648086         0.000000000000000      
  -0.3735365866062675         35.59167815126742        4.9999992449567356E-002 
   4.9936241463098538E-002
   -6.000000000000000         15.00000000000000         0.000000000000000      
  -0.3627592455064378        -10.62265822425421        4.9999966721350673E-002 
   4.9927966275050945E-002
   -4.666666666666667        -4.331754136422725         0.000000000000000      
   0.5000000000000000        -276.5173022422871         1.000000000000000      
    0.000000000000000     
   -4.666666666666667        -3.190854008294763        8.6298741279109678E-002 
   0.4143844881239014        -276.5173022422871        0.1355947230120721      
   2.4251308707068802E-006
   -4.666666666666667        -2.086069522443571        0.1345036622083264      
   0.2125880225886231        -266.9142980860634        5.4001836365023141E-002 
   1.2191112118021013E-004
   -4.666666666666667        -1.000000000000000        0.2118776877769735      
  -6.6334141117387349E-002   -258.6764877574222        5.0084920814502727E-002 
   3.5304835587134683E-003
   -4.666666666666667        8.5329916394144209E-002   6.6709409132642136E-003 
  -0.2810959599183961        -254.6282906149946        5.0014300211932143E-002 
   4.4136268353305814E-002
   -4.666666666666667         1.185048850039772        2.3930500557559915E-002 
  -0.3165413328383097        -197.2157481626511        5.0001791412567227E-002 
   4.9578547232906431E-002
   -4.666666666666667         2.312766280191660        6.2672485072752613E-003 
  -0.3198837390596608        -128.1360453787395        5.0000327590338969E-002 
   4.9892406638418742E-002
   -4.666666666666667         3.480620669814731       -1.7124767866832991E-003 
  -0.3571293777946100        -97.09974602562852        5.0000204670070769E-002 
   4.9908230716849987E-002
   -4.666666666666667         4.698747437575867       -3.9266820229077000E-003 
  -0.3745769474852487        -51.19793946141800        5.0000167247392160E-002 
   4.9918824400709973E-002
   -4.666666666666667         5.974949118236451       -2.4377103053422111E-002 
  -0.4060733819835575        -27.18227293746142        5.0000134333663855E-002 
   4.9924175960744249E-002
   -4.666666666666667         7.314577377320123       -2.7093772053681235E-002 
  -0.4437064526662831         9.244811906948428        5.0000102991028944E-002 
   4.9931714543978913E-002
   -4.666666666666667         8.720606784787934       -1.3810540391351829E-002 
  -0.4332320832969014         77.72288089040582        5.0000073243986282E-002 
   4.9944852669918875E-002
   -4.666666666666667         10.19385933408855        7.4740964483942284E-003 
  -0.3950190456690327         100.8498780180716        5.0000045028516821E-002 
   4.9948497428663342E-002
   -4.666666666666667         11.73332880983900       -1.5746052037904296E-003 
  -0.3681479160563527         81.80601452678904        5.0000018177784038E-002 
   4.9944516651146131E-002
   -4.666666666666667         13.33655434648086       -1.8974598365719051E-002 
  -0.3735365866062675         35.59167815126742        4.9999992449567356E-002 
   4.9936241463098538E-002
   -4.666666666666667         15.00000000000000       -1.8974598365719051E-002 
  -0.3627592455064378        -10.62265822425421        4.9999966721350673E-002 
   4.9927966275050945E-002
   -3.333333333333333        -4.331754136422725         0.000000000000000      
   0.5000000000000000        -258.7781858722187         1.000000000000000      
    0.000000000000000     
   -3.333333333333333        -3.190854008294763        0.2186971540694925      
   0.4650406479791955        -258.7781858722187        0.1357477145037545      
   1.4892864462138440E-007
   -3.333333333333333        -2.086069522443571        0.3087277603983131      
   0.3880944273473108        -266.1726437936951        5.4167367677214973E-002 
   7.9845172623067366E-006
   -3.333333333333333        -1.000000000000000        0.4413863096121253      
   0.3209483997062986        -260.6827758635333        5.0107108028746898E-002 
   2.7710914305207978E-004
   -3.333333333333333        8.5329916394144209E-002   0.3063298230582733      
   2.1024374208227448E-002   -254.5218764667021        4.9966953482567550E-002 
   5.4685395758009335E-003
   -3.333333333333333         1.185048850039772        7.7999794875020761E-002 
  -0.2949829145092144        -227.6726839006109        5.0007836309056294E-002 
   4.4473320630982437E-002
   -3.333333333333333         2.312766280191660        1.4726726855660384E-002 
  -0.3443270270782144        -178.0603052798844        5.0003466481044381E-002 
   4.7445135077947218E-002
   -3.333333333333333         3.480620669814731       -1.0457759723501513E-002 
  -0.3630033227064907        -103.9149895059223        5.0002575773991316E-002 
   4.7509580952034378E-002
   -3.333333333333333         4.698747437575867       -2.4976913209113764E-002 
  -0.3925707246925749        -39.62961500916521        5.0002128787085522E-002 
   4.7499020460491030E-002
   -3.333333333333333         5.974949118236451       -5.5451643087435692E-002 
  -0.4241756777357940        -20.63479425279502        5.0001726755626336E-002 
   4.7488232038269851E-002
   -3.333333333333333         7.314577377320123       -5.6127737158943522E-002 
  -0.4276285239875756         28.20373231673669        5.0001346481775642E-002 
   4.7486466844914303E-002
   -3.333333333333333         8.720606784787934       -2.5819700652033019E-002 
  -0.3950003488981028         57.67136155422718        5.0000976136728562E-002 
   4.7484036176649431E-002
   -3.333333333333333         10.19385933408855       -1.3444934733488508E-002 
  -0.3771650854907106         40.64507662871932        5.0000618724405567E-002 
   4.7477755907806243E-002
   -3.333333333333333         11.73332880983900       -1.6292284325337004E-002 
  -0.3840582577288102         47.06599126092043        5.0000278461662211E-002 
   4.7477653021801312E-002
   -3.333333333333333         13.33655434648086       -2.5098019484382068E-002 
  -0.3827986870588592         58.17601479890450        4.9999953314888275E-002 
   4.7478768443237042E-002
   -3.333333333333333         15.00000000000000       -2.5098019484382068E-002 
  -0.3853178283987611         69.28603833688857        4.9999628168114339E-002 
   4.7479883864672771E-002
   -2.000000000000000        -4.331754136422725         0.000000000000000      
   0.5000000000000000        -212.2925852532181         1.000000000000000      
    0.000000000000000     
   -2.000000000000000        -3.190854008294763        0.2652686040506669      
   0.5026393542630635        -212.2925852532181        0.1358820266248327      
   4.7600787155307333E-009
   -2.000000000000000        -2.086069522443571        0.3330508784911183      
   0.4962310564512359        -230.1007653171289        5.4306646080545237E-002 
   2.6543213595350666E-007
   -2.000000000000000        -1.000000000000000        0.3943301667048367      
   0.5416542301950537        -232.8593046786600        5.0125621773231516E-002 
   1.0166862634461012E-005
   -2.000000000000000        8.5329916394144209E-002   0.4613697879836761      
   0.7039265811226587        -224.8982741975604        4.9975378173649214E-002 
   2.4315303529213406E-004
   -2.000000000000000         1.185048850039772        0.1392468717768133      
   0.7600537760557029        -202.9995337232251        4.9973074285504057E-002 
   2.4759110945415039E-003
   -2.000000000000000         2.312766280191660        5.0721648191982938E-002 
   0.6670445598477530        -173.9750671879309        4.9977235329854319E-002 
   2.5800232665672568E-003
   -2.000000000000000         3.480620669814731        4.2211826776939500E-003 
   0.5975868588822961        -124.1443741422465        4.9984134464967390E-002 
   2.5518920236086685E-003
   -2.000000000000000         4.698747437575867       -2.6734128116992727E-002 
   0.5272764255779030        -56.84825884399605        4.9992576436623783E-002 
   2.5366348044282175E-003
   -2.000000000000000         5.974949118236451       -5.0496605314657009E-002 
   0.4689192095333284        -17.14171049955105        4.9997325789817824E-002 
   2.5283828734415166E-003
   -2.000000000000000         7.314577377320123       -5.9567762388139670E-002 
   0.4817620576609821        -5.338203033242097        4.9998790754995560E-002 
   2.5221993887246416E-003
   -2.000000000000000         8.720606784787934       -3.2055348397421232E-002 
   0.5292344077064328         13.85828004252158        5.0000872515349667E-002 
   2.5182232709424291E-003
   -2.000000000000000         10.19385933408855       -3.5733534599153717E-002 
   0.5485556778403180         18.91478979418402        5.0001456646376688E-002 
   2.5167156302944439E-003
   -2.000000000000000         11.73332880983900       -2.8478657859493953E-002 
   0.5483443125837847         24.31427665924371        5.0002031041555019E-002 
   2.5162302443619269E-003
   -2.000000000000000         13.33655434648086       -2.9671137445568277E-002 
   0.5494170437299468         44.76719223628972        5.0003874624929549E-002 
   2.5160745460217539E-003
   -2.000000000000000         15.00000000000000       -2.9671137445568277E-002 
   0.5472715814376226         65.22010781333574        5.0005718208304080E-002 
   2.5159188476815810E-003
  -0.6666666666666666        -4.331754136422725         0.000000000000000      
   0.5000000000000000        -193.8182000064529         1.000000000000000      
    0.000000000000000     
  -0.6666666666666666        -3.190854008294763        0.2273401594379532      
   0.5211135564500541        -193.8182000064529        0.1359406692257966      
   1.0224256704357376E-010
  -0.6666666666666666        -2.086069522443571        0.2722376185535331      
   0.5222943976776941        -206.5779057526606        5.4366267428178530E-002 
   5.8551951109668295E-009
  -0.6666666666666666        -1.000000000000000        0.2768551456443455      
   0.5463983854453532        -205.2247270041494        5.0134036869939190E-002 
   2.3691520115301149E-007
  -0.6666666666666666        8.5329916394144209E-002   0.2614412711286018      
   0.6508940975877837        -204.1655939040927        4.9978404091526221E-002 
   6.1751124995163438E-006
  -0.6666666666666666         1.185048850039772        0.1596694204491391      
   0.6878941153024165        -179.7632572789691        4.9977485444629904E-002 
   7.2952072257639829E-005
  -0.6666666666666666         2.312766280191660        9.4656169558406250E-002 
   0.6358073054896304        -159.3992301703638        4.9980564054962089E-002 
   7.3637007827359190E-005
  -0.6666666666666666         3.480620669814731        3.9487198038426832E-002 
   0.5906855264545032        -128.2432795543239        4.9984979751644835E-002 
   7.1103840678607769E-005
  -0.6666666666666666         4.698747437575867       -1.8106838422146348E-003 
   0.5373633328222192        -56.15989266136251        4.9993770085447413E-002 
   6.9736958851087394E-005
  -0.6666666666666666         5.974949118236451       -2.8231302130396783E-002 
   0.4871983735643188        -6.567673619263175        4.9999375875582619E-002 
   6.8974372087195643E-005
  -0.6666666666666666         7.314577377320123       -5.5367647840115164E-002 
   0.5235175496049864        -36.89989717065965        4.9996276820581172E-002 
   6.8461063055244925E-005
  -0.6666666666666666         8.720606784787934       -4.7507702844769087E-002 
   0.5861568814441385        -42.45611059084245        4.9995923056333845E-002 
   6.8147981662847198E-005
  -0.6666666666666666         10.19385933408855       -2.4279926335861506E-002 
   0.5959553618644344        -28.43790628444935        4.9997408103855653E-002 
   6.8004059158372491E-005
  -0.6666666666666666         11.73332880983900       -2.2954628030155477E-002 
   0.5824084165140092        -8.722417783575077        4.9999278240634701E-002 
   6.7945677899696732E-005
  -0.6666666666666666         13.33655434648086       -5.8162172263340708E-002 
   0.5927704127719281         41.21673024056877        5.0003599901920187E-002 
   6.7915980777724744E-005
  -0.6666666666666666         15.00000000000000       -5.8162172263340708E-002 
   0.5720464202560903         91.15587826471261        5.0007921563205673E-002 
   6.7886283655752756E-005
   0.6666666666666661        -4.331754136422725         0.000000000000000      
   0.5000000000000000        -182.6843426910249         1.000000000000000      
    0.000000000000000     
   0.6666666666666661        -3.190854008294763        0.1622255339982646      
   0.5332831728744953        -182.6843426910249        0.1359596131634534      
   1.6223028625563069E-012
   0.6666666666666661        -2.086069522443571        0.1960709644629380      
   0.5329073025838686        -184.2248403846552        5.4383938833441101E-002 
   9.4625943682191869E-011
   0.6666666666666661        -1.000000000000000        0.1946716001464326      
   0.5296306206512790        -188.0938537623672        5.0136978827568394E-002 
   3.9503141455218186E-009
   0.6666666666666661        8.5329916394144209E-002   0.1748264023120887      
   0.6047647228905613        -211.7028514880967        4.9977393841674392E-002 
   1.0786539671778607E-007
   0.6666666666666661         1.185048850039772        0.1349892915192650      
   0.6307900388203884        -186.3456060298828        4.9976699696395011E-002 
   1.4111032792067695E-006
   0.6666666666666661         2.312766280191660        9.8025040361647595E-002 
   0.5801758850633564        -150.7933045505369        4.9981672707351744E-002 
   1.4026273869145518E-006
   0.6666666666666661         3.480620669814731        5.1821765863973801E-002 
   0.5366252269178672        -108.4632554724223        4.9987353091176231E-002 
   1.3305326461484013E-006
   0.6666666666666661         4.698747437575867        5.8505303629024542E-003 
   0.4997101043310131        -33.76242563389709        4.9996327950363940E-002 
   1.2880987275803393E-006
   0.6666666666666661         5.974949118236451       -1.8241144646308237E-002 
   0.4584332879022224         5.150136002642523        5.0000668359822420E-002 
   1.2628074149888100E-006
   0.6666666666666661         7.314577377320123       -4.1893633678571657E-002 
   0.5055315843217683        -50.42652780180401        4.9994906893496754E-002 
   1.2466435357381510E-006
   0.6666666666666661         8.720606784787934       -5.3719933497834077E-002 
   0.6004212633549406        -73.03217882056275        4.9992944034156703E-002 
   1.2370307734556530E-006
   0.6666666666666661         10.19385933408855       -2.4570002903442800E-002 
   0.6129669555435249        -59.32419253633670        4.9994545444840409E-002 
   1.2321830978694309E-006
   0.6666666666666661         11.73332880983900       -1.9427965344280186E-002 
   0.5620137381132075        -31.54773339022185        4.9997246982826114E-002 
   1.2297453089047122E-006
   0.6666666666666661         13.33655434648086       -6.1384058660057798E-002 
   0.5937458884257995         33.72198630505264        5.0002934635542964E-002 
   1.2278382605506009E-006
   0.6666666666666661         15.00000000000000       -6.1384058660057798E-002 
   0.5302815878006157         98.99170600032713        5.0008622288259814E-002 
   1.2259312121964895E-006
    1.999999999999999        -4.331754136422725         0.000000000000000      
   0.5000000000000000        -146.9224553320693         1.000000000000000      
    0.000000000000000     
    1.999999999999999        -3.190854008294763        0.1165954514153761      
   0.5432914034987943        -146.9224553320693        0.1359712812978339      
   2.0041968679075563E-014
    1.999999999999999        -2.086069522443571        0.1338003284903269      
   0.5429879772070876        -137.7744797239542        5.4390314397861871E-002 
   1.1852090692120820E-012
    1.999999999999999        -1.000000000000000        0.1280987798764624      
   0.5204416528030918        -154.9809216177089        5.0140849056020842E-002 
   5.0513756076977666E-011
    1.999999999999999        8.5329916394144209E-002   0.1197305950713197      
   0.5777355459314253        -198.5075646595637        4.9979040965245962E-002 
   1.4241164777154904E-009
    1.999999999999999         1.185048850039772        9.5847626497285343E-002 
   0.5953877917347068        -176.8088094234155        4.9977891683971015E-002 
   1.9970386018107685E-008
    1.999999999999999         2.312766280191660        7.0277055603268745E-002 
   0.5392922768790969        -141.7234448288586        4.9982778435381348E-002 
   1.9743305897367504E-008
    1.999999999999999         3.480620669814731        4.6816687770437730E-002 
   0.4878270618115070        -88.90664644600922        4.9989646782483931E-002 
   1.8538588735018662E-008
    1.999999999999999         4.698747437575867        1.2118180100899108E-002 
   0.4622192068594810        -19.13492604704640        4.9997957180984744E-002 
   1.7784583823857616E-008
    1.999999999999999         5.974949118236451       -1.7317535578215911E-002 
   0.4388692359377701        -14.80042902205457        4.9998515164039477E-002 
   1.7313534537693622E-008
    1.999999999999999         7.314577377320123       -2.8520905137786136E-002 
   0.4891589277051399        -83.86298648590602        4.9991479029281818E-002 
   1.7024997252531386E-008
    1.999999999999999         8.720606784787934       -3.7054573237429687E-002 
   0.6017449845426195        -98.83627568953651        4.9990408453522289E-002 
   1.6864166465764953E-008
    1.999999999999999         10.19385933408855       -2.4248771527478820E-002 
   0.6272408557663784        -70.75477613385263        4.9993473481977996E-002 
   1.6783499222515531E-008
    1.999999999999999         11.73332880983900       -1.9242320865184889E-002 
   0.5524139535326622        -43.75001780357086        4.9996156477470174E-002 
   1.6734321085730010E-008
    1.999999999999999         13.33655434648086       -4.6383058669812141E-002 
   0.6021453200402390         6.827774282832425        5.0000609026777908E-002 
   1.6686288810670667E-008
    1.999999999999999         15.00000000000000       -4.6383058669812141E-002 
   0.5026825870250854         57.40556636923570        5.0005061576085641E-002 
   1.6638256535611324E-008
    3.333333333333333        -4.331754136422725         0.000000000000000      
   0.5000000000000000        -128.0338213224705         1.000000000000000      
    0.000000000000000     
    3.333333333333333        -3.190854008294763        6.9721548628537744E-002 
   0.5408493543632060        -128.0338213224705        0.1359755162650140      
   1.9917647796646379E-016
    3.333333333333333        -2.086069522443571        6.3882936643967117E-002 
   0.5336271817020390        -115.7381307912697        5.4390085605327043E-002 
   1.1899386545172703E-014
    3.333333333333333        -1.000000000000000        5.0168565670983295E-002 
   0.5125105887186707        -138.9041013680075        5.0142425136547354E-002 
   5.1553668465195732E-013
    3.333333333333333        8.5329916394144209E-002   5.4333102435453778E-002 
   0.5654530704915472        -175.0953787840250        4.9982020163166239E-002 
   1.4921648220211244E-011
    3.333333333333333         1.185048850039772        4.5050156192795301E-002 
   0.5714403095064211        -148.6672402297146        4.9981433600988917E-002 
   2.2016332302254272E-010
    3.333333333333333         2.312766280191660        3.2726838654848392E-002 
   0.5230120059261525        -134.0408028761510        4.9983705884360054E-002 
   2.1778213560002309E-010
    3.333333333333333         3.480620669814731        3.9486953519249565E-002 
   0.4717503845878003        -79.80953643045528        4.9990715863077663E-002 
   2.0372215930860688E-010
    3.333333333333333         4.698747437575867        2.5972664325022300E-002 
   0.4308912969709736        -2.988674235699520        4.9999773698744227E-002 
   1.9471854330588459E-010
    3.333333333333333         5.974949118236451       -1.6798194616634385E-002 
   0.4164275608640953        -24.35395829034315        4.9997478239698960E-002 
   1.8902260194994720E-010
    3.333333333333333         7.314577377320123       -3.1013179847526318E-002 
   0.4861716134230808        -105.3535025226230        4.9989279537785550E-002 
   1.8560868069552694E-010
    3.333333333333333         8.720606784787934       -2.1993735875823896E-002 
   0.6038165783089002        -118.9166480127976        4.9988451899826349E-002 
   1.8378591231526902E-010
    3.333333333333333         10.19385933408855       -1.5182426035578744E-002 
   0.6288114281741146        -78.28073968146848        4.9992771388219392E-002 
   1.8293470991433568E-010
    3.333333333333333         11.73332880983900       -1.4005684986743367E-002 
   0.5436416006841944        -55.39312679850575        4.9995115280341583E-002 
   1.8240739489551429E-010
    3.333333333333333         13.33655434648086       -2.8220267736025970E-002 
   0.6023436406776285        -32.07036393119844        4.9997255805877529E-002 
   1.8184175782506426E-010
    3.333333333333333         15.00000000000000       -2.8220267736025970E-002 
   0.4849395606907605        -8.747601063891118        4.9999396331413475E-002 
   1.8127612075461423E-010
    4.666666666666666        -4.331754136422725         0.000000000000000      
   0.5000000000000000        -147.8330509844621         1.000000000000000      
    0.000000000000000     
    4.666666666666666        -3.190854008294763        2.0881663033757238E-002 
   0.5287363891055432        -147.8330509844621        0.1359706844677780      
   1.6441903027038150E-018
    4.666666666666666        -2.086069522443571        1.2742734364176731E-002 
   0.5117491609598629        -141.6643008785307        5.4384319970734028E-002 
   9.8975508275662390E-017
    4.666666666666666        -1.000000000000000        4.7077851662928865E-003 
   0.5089403976270259        -166.2083857057150        5.0138686771184292E-002 
   4.3500330027829802E-015
    4.666666666666666        8.5329916394144209E-002   9.6985443862878853E-003 
   0.5716604764865083        -182.4378069792258        4.9981145919319424E-002 
   1.2883487142170207E-013
    4.666666666666666         1.185048850039772        9.6999782249882691E-003 
   0.5695031153285224        -137.2621487485625        4.9982955289226132E-002 
   1.9799040834930475E-012
    4.666666666666666         2.312766280191660        8.0808236984188184E-003 
   0.5322799407710929        -134.0653377203606        4.9983780316785853E-002 
   1.9700087144657035E-012
    4.666666666666666         3.480620669814731        1.7971299188870971E-002 
   0.4805290411292675        -85.41570421039972        4.9990151763724830E-002 
   1.8463760636546979E-012
    4.666666666666666         4.698747437575867        1.5831801498453622E-002 
   0.4025108799441570        -2.930639607809862        4.9999877780449717E-002 
   1.7671176226516232E-012
    4.666666666666666         5.974949118236451       -8.9125668349733615E-003 
   0.3798124717874403        -29.79657117130550        4.9996959064866064E-002 
   1.7188008719328525E-012
    4.666666666666666         7.314577377320123       -1.9552057831074068E-002 
   0.4833142941448497        -110.0056012907296        4.9988860428343621E-002 
   1.6914173436217098E-012
    4.666666666666666         8.720606784787934       -1.1197581428199243E-002 
   0.6161922018603923        -126.2750061874052        4.9987803639713245E-002 
   1.6779934817876676E-012
    4.666666666666666         10.19385933408855       -6.0382344929522016E-003 
   0.6342074979063365        -82.42180369134158        4.9992455718373636E-002 
   1.6731698098599520E-012
    4.666666666666666         11.73332880983900       -4.9976801736305639E-003 
   0.5412328686404453        -64.59562984119410        4.9994360897384023E-002 
   1.6714640606886745E-012
    4.666666666666666         13.33655434648086       -8.6068117898361832E-003 
   0.6040172667492314        -62.58572574348617        4.9994696391123319E-002 
   1.6698288890758800E-012
    4.666666666666666         15.00000000000000       -8.6068117898361832E-003 
   0.4784484705316592        -60.57582164577823        4.9995031884862616E-002 
   1.6681937174630854E-012
    5.999999999999999        -4.331754136422725         0.000000000000000      
   0.5000000000000000        -147.8330509844621         1.000000000000000      
    0.000000000000000     
    5.999999999999999        -3.190854008294763         0.000000000000000      
   0.5287363891055432        -147.8330509844621        0.1359706844677780      
   1.6441903027038150E-018
    5.999999999999999        -2.086069522443571         0.000000000000000      
   0.5117491609598629        -141.6643008785307        5.4384319970734028E-002 
   9.8975508275662390E-017
    5.999999999999999        -1.000000000000000         0.000000000000000      
   0.5089403976270259        -166.2083857057150        5.0138686771184292E-002 
   4.3500330027829802E-015
    5.999999999999999        8.5329916394144209E-002    0.000000000000000      
   0.5716604764865083        -182.4378069792258        4.9981145919319424E-002 
   1.2883487142170207E-013
    5.999999999999999         1.185048850039772         0.000000000000000      
   0.5695031153285224        -137.2621487485625        4.9982955289226132E-002 
   1.9799040834930475E-012
    5.999999999999999         2.312766280191660         0.000000000000000      
   0.5322799407710929        -134.0653377203606        4.9983780316785853E-002 
   1.9700087144657035E-012
    5.999999999999999         3.480620669814731         0.000000000000000      
   0.4805290411292675        -85.41570421039972        4.9990151763724830E-002 
   1.8463760636546979E-012
    5.999999999999999         4.698747437575867         0.000000000000000      
   0.4025108799441570        -2.930639607809862        4.9999877780449717E-002 
   1.7671176226516232E-012
    5.999999999999999         5.974949118236451         0.000000000000000      
   0.3798124717874403        -29.79657117130550        4.9996959064866064E-002 
   1.7188008719328525E-012
    5.999999999999999         7.314577377320123         0.000000000000000      
   0.4833142941448497        -110.0056012907296        4.9988860428343621E-002 
   1.6914173436217098E-012
    5.999999999999999         8.720606784787934         0.000000000000000      
   0.6161922018603923        -126.2750061874052        4.9987803639713245E-002 
   1.6779934817876676E-012
    5.999999999999999         10.19385933408855         0.000000000000000      
   0.6342074979063365        -82.42180369134158        4.9992455718373636E-002 
   1.6731698098599520E-012
    5.999999999999999         11.73332880983900         0.000000000000000      
   0.5412328686404453        -64.59562984119410        4.9994360897384023E-002 
   1.6714640606886745E-012
    5.999999999999999         13.33655434648086         0.000000000000000      
   0.6040172667492314        -62.58572574348617        4.9994696391123319E-002 
   1.6698288890758800E-012
    5.999999999999999         15.00000000000000         0.000000000000000      
   0.4862511641821225        -60.57582164577823        4.9995031884862616E-002 
   1.6681937174630854E-012
