   0.5000000000000000     
   0.5000000000000000     
   0.3287689762478029     
   9.6407068929443257E-002
  -0.2290753511642180     
  -0.3331165686725742     
  -0.2999660970040452     
  -0.3398013811152765     
  -0.3744573744739434     
  -0.3746965204965539     
  -0.4374502434705612     
  -0.4499626618620051     
  -0.4165015047317978     
  -0.3735365866062675     
  -0.3627592455064378     
  -0.3843139277060971     
  -0.3412045633067786     
   0.5000000000000000     
   0.5000000000000000     
   0.3287689762478029     
   9.6407068929443257E-002
  -0.2290753511642180     
  -0.3331165686725742     
  -0.2999660970040452     
  -0.3398013811152765     
  -0.3744573744739434     
  -0.3746965204965539     
  -0.4374502434705612     
  -0.4499626618620051     
  -0.4165015047317978     
  -0.3735365866062675     
  -0.3627592455064378     
  -0.3843139277060971     
  -0.3412045633067786     
   0.5000000000000000     
   0.5000000000000000     
   0.4300812959583911     
   0.3461075587362304     
   0.2957892406763668     
  -0.2537404922599119     
  -0.3362253367585170     
  -0.3524287173979119     
  -0.3735779280150696     
  -0.4115635213700803     
  -0.4367878341015077     
  -0.4184692138736435     
  -0.3715314839225620     
  -0.3827986870588592     
  -0.3853178283987611     
  -0.3802795457189573     
  -0.3903561110785649     
   0.5000000000000000     
   0.5000000000000000     
   0.5052787085261270     
   0.4871834043763449     
   0.5961250560137624     
   0.8117281062315551     
   0.7083794458798507     
   0.6257096738156555     
   0.5694640439489369     
   0.4850888072068690     
   0.4527496118597878     
   0.5107745034621765     
   0.5476943119506891     
   0.5494170437299468     
   0.5472715814376226     
   0.5515625060222711     
   0.5429806568529740     
   0.5000000000000000     
   0.5000000000000000     
   0.5422271129001082     
   0.5023616824552802     
   0.5904350884354262     
   0.7113531067401413     
   0.6644351238646917     
   0.6071794871145690     
   0.5741915657944375     
   0.5005350998500007     
   0.4738616472786369     
   0.5731734519313360     
   0.5991403109569409     
   0.5927704127719281     
   0.5720464202560903     
   0.6134944052877659     
   0.5305984352244147     
   0.5000000000000000     
   0.5000000000000000     
   0.5665663457489908     
   0.4992482594187466     
   0.5600129818838114     
   0.6495164638973111     
   0.6120636137434656     
   0.5482881563832471     
   0.5249622974524872     
   0.4744579112095390     
   0.4424086645949057     
   0.5686545040486307     
   0.6321880226612504     
   0.5937458884257995     
   0.5302815878006157     
   0.6572101890509832     
   0.4033529865502483     
   0.5000000000000000     
   0.5000000000000000     
   0.5865828069975887     
   0.4993931474165864     
   0.5414901581895972     
   0.6139809336732535     
   0.5767946497961601     
   0.5017899039620335     
   0.4738642196609806     
   0.4505741940579814     
   0.4271642778175587     
   0.5511535775927211     
   0.6523363914925180     
   0.6021453200402390     
   0.5026825870250854     
   0.7016080530553926     
   0.3037571209947781     
   0.5000000000000000     
   0.5000000000000000     
   0.5816987087264122     
   0.4855556546776660     
   0.5394655227596754     
   0.5914406182234192     
   0.5514400007894231     
   0.4945840110628819     
   0.4489167581127188     
   0.4128658358292284     
   0.4199892858989621     
   0.5523539409471996     
   0.6552792156706009     
   0.6023436406776285     
   0.4849395606907605     
   0.7197477206644964     
   0.2501314007170246     
   0.5000000000000000     
   0.5000000000000000     
   0.5574727782110863     
   0.4660255437086394     
   0.5518552515454124     
   0.5914657014276042     
   0.5475405292294405     
   0.5170193523127452     
   0.4440387299457899     
   0.3609830299425240     
   0.3986419136323565     
   0.5679866746573429     
   0.6643977290634415     
   0.6040172667492314     
   0.4784484705316592     
   0.7295860629668036     
   0.2273108780965148     
   0.5000000000000000     
   0.5000000000000000     
   0.5574727782110863     
   0.4660255437086394     
   0.5518552515454124     
   0.5914657014276042     
   0.5475405292294405     
   0.5170193523127452     
   0.4440387299457899     
   0.3609830299425240     
   0.3986419136323565     
   0.5679866746573429     
   0.6643977290634415     
   0.6040172667492314     
   0.4784484705316592     
   0.7295860629668036     
   0.2429162653974414     
