    0.000000000000000     
    0.000000000000000     
    0.000000000000000     
    0.000000000000000     
    0.000000000000000     
    0.000000000000000     
    0.000000000000000     
    0.000000000000000     
    0.000000000000000     
    0.000000000000000     
    0.000000000000000     
    0.000000000000000     
    0.000000000000000     
    0.000000000000000     
    0.000000000000000     
    0.000000000000000     
    0.000000000000000     
    0.000000000000000     
    0.000000000000000     
    0.000000000000000     
    0.000000000000000     
    0.000000000000000     
    0.000000000000000     
    0.000000000000000     
    0.000000000000000     
    0.000000000000000     
    0.000000000000000     
    0.000000000000000     
    0.000000000000000     
    0.000000000000000     
    0.000000000000000     
    0.000000000000000     
    0.000000000000000     
   0.1725974825582194     
   0.2690073244166529     
   0.4237553755539470     
   1.3341881826528427E-002
   4.7861001115119831E-002
   1.2534497014550523E-002
  -3.4249535733665982E-003
  -7.8533640458153999E-003
  -4.8754206106844222E-002
  -5.4187544107362470E-002
  -2.7621080782703658E-002
   1.4948192896788457E-002
  -3.1492104075808592E-003
  -3.7949196731438102E-002
  -3.7949196731438102E-002
    0.000000000000000     
   0.2647968255807656     
   0.3484481963799733     
   0.4590172436703036     
   0.5993177642900182     
   0.1081385886349217     
   1.6918956696770245E-002
  -1.7490565873636427E-002
  -4.2100462372412127E-002
  -6.2149080068027156E-002
  -5.8067930210524567E-002
  -2.4018320521362376E-002
  -4.1838062363765471E-002
  -2.9435358243093152E-002
  -1.2246842237326038E-002
  -1.2246842237326038E-002
    0.000000000000000     
   0.2657403825205683     
   0.3176535606022632     
   0.3296430897393699     
   0.3234218116773340     
   0.1703551549187050     
   8.4524339687195638E-002
   2.5932931229024327E-002
  -1.1367793861573326E-002
  -3.8844130561286869E-002
  -6.1067594565754779E-002
  -4.0092376273480092E-002
  -2.9629006834541963E-002
  -2.7521957475894750E-002
  -4.7095432653810519E-002
  -4.7095432653810519E-002
    0.000000000000000     
   0.1889399363553380     
   0.2268216765048031     
   0.2240672015493212     
   0.1994607305798697     
   0.1489836859795733     
   0.1047879994296168     
   5.3041464847829331E-002
   7.7464261771440562E-003
  -1.7618473699506702E-002
  -4.9667701114475549E-002
  -5.4923029416058075E-002
  -1.8930845837181048E-002
  -1.8387298584416203E-002
  -6.9228911872870891E-002
  -6.9228911872870891E-002
    0.000000000000000     
   0.1355111316411912     
   0.1653202524210730     
   0.1652759987435440     
   0.1501920740443076     
   0.1209948970589566     
   9.1262081293678340E-002
   5.0602066880118278E-002
   3.9546345486608531E-003
  -1.8863815593109776E-002
  -3.4119566242667772E-002
  -5.2516837579610072E-002
  -3.0209159969704552E-002
  -2.0468632104144173E-002
  -5.3539205447244706E-002
  -5.3539205447244706E-002
    0.000000000000000     
   9.7679771189561004E-002
   0.1022804045595808     
   9.0921561009380814E-002
   8.9269116098331783E-002
   7.0700355935614065E-002
   4.9292029912859144E-002
   4.3031308660757182E-002
   2.0281725653137361E-002
  -1.5771255563322047E-002
  -2.2922244032904500E-002
  -2.1592308895249306E-002
  -1.8288383085253084E-002
  -1.8016009626225606E-002
  -3.9226911892379576E-002
  -3.9226911892379576E-002
    0.000000000000000     
   4.1763326067514477E-002
   2.5485468728353462E-002
   9.4155703325857730E-003
   1.9397088772575771E-002
   1.9399956449976538E-002
   1.6161647396837637E-002
   3.5942598377741941E-002
   3.1663602996907243E-002
  -1.7825133669946723E-002
  -3.9104115662148137E-002
  -2.2395162856398487E-002
  -1.2076468985904403E-002
  -9.9953603472611278E-003
  -1.7213623579672366E-002
  -1.7213623579672366E-002
    0.000000000000000     
    0.000000000000000     
    0.000000000000000     
    0.000000000000000     
    0.000000000000000     
    0.000000000000000     
    0.000000000000000     
    0.000000000000000     
    0.000000000000000     
    0.000000000000000     
    0.000000000000000     
    0.000000000000000     
    0.000000000000000     
    0.000000000000000     
    0.000000000000000     
    0.000000000000000     
    0.000000000000000     
    0.000000000000000     
    0.000000000000000     
    0.000000000000000     
    0.000000000000000     
    0.000000000000000     
    0.000000000000000     
    0.000000000000000     
    0.000000000000000     
    0.000000000000000     
    0.000000000000000     
    0.000000000000000     
    0.000000000000000     
    0.000000000000000     
    0.000000000000000     
    0.000000000000000     
